244.43341645374  0.67746569275846  0.1049088336462
344.75241215735  0.93183425928577  0.18337108829186
412.59697066718  0.82844308262799  0.24365581073243
331.11948919132  0.90520704042927  0.23627249696464
372.58458403758  1.1609737127018  0.12247593030916
301.98045539633  0.90611924378049  0.060010147106031
280.25109532005  0.84576620855108  0.12434440453023
382.11587035403  0.75114338687988  0.14987990739098
297.85793325963  0.79450401997722  0.13216652559616
299.13954687938  0.75310213535461  0.10830154472862
333.12711680393  0.57615054845279  0.1406653234911
279.34580944746  0.44801610092913  0.095039062164837
288.66930101257  0.6354171338632  0.15671254124328
395.13931351535  1.6804894588374  0.064196394840255
317.85577248114  0.54772833397197  0.24140650311329
254.47538359459  0.64497924405857  0.12946773987242
251.37596828319  0.73324004403743  0.12851182721208
315.48505581119  0.82381329230609  0.20635020881712
270.35380101102  0.84453725957124  0.21071728655522
356.25720316631  0.95328643604635  0.28551005409872
325.70699644679  0.39530524945084  0.051149192369462
277.09519209822  0.5032988483167  0.061558405639959
247.54589467093  0.56495375873901  0.075764816092366
264.57892288988  0.70614750803895  0.086868726973858
277.70140442402  0.77283550471083  0.21119952621089
331.17135850556  0.88101865409767  0.25996067100713
348.39641840681  0.93374001667505  0.25473059828232
246.85945827149  0.54677195505654  0.077098187242855
240.66458310037  0.63881119114819  0.041920991468306
245.24125392478  0.75949921306053  0.08341100140582
279.7125451614  0.9002422712194  0.079276983612591
301.10879484219  0.91742891259296  0.13743204717761
297.92372062231  0.98500849624398  0.10964754650657
304.55732464419  0.434989679901  0.058889033010024
269.97588221706  0.51432162120672  0.005041703194504
293.33854703876  0.64741045857271  0.20144243460401
292.88236262576  0.73340713074076  0.16453296778912
287.19042154752  0.88474086752472  0.17504158099697
324.21145075559  0.909643071338  0.26904378922109
247.35534116741  0.79099199556856  0.15472744894564
282.55452712748  0.38799069382207  0.11922611386204
275.80429334788  0.50688644826309  0.06569100841575
288.59493823256  0.71913107396687  0.10649092089736
252.16750941557  0.81348402907545  0.17771596546336
268.41012322538  0.90228634559484  0.25089003726705
245.71163370127  1.073743206006  0.069662973620387
248.00573123009  0.061898837953654  0.014654459271097
499.3644795554  0.12418572681311  0.046660995627722
216.91088506187  0.53945902255514  0.12569642276947
278.95709806208  0.71264339161575  0.11825117011435
267.13021110268  0.83965906409623  0.1403568068158
242.92565523692  0.93160003853178  0.055135883223834
340.33871365567  1.0620598173048  0.17639442569917
297.57798936728  0.51778410453366  0.0189912889396
348.65761936537  1.6250542174313  0.24995133049021
315.00439862237  0.88317318974195  0.099671282338397
293.33484068392  1.0009357309316  0.18097405917349
314.92173659931  1.0334463869173  0.35963393095172
357.00743094548  1.2718024778458  0.0087090903287044
375.38609939869  1.2072533354209  0.14179456116325
395.94826359664  1.3842089653341  0.22103804789689
286.32452065609  0.81071815529439  0.031248252343676
247.47387483787  0.72386008493012  0.10634956103492
282.5339841554  0.65577639564017  0.067883135352179
245.29920176006  0.35873751736884  0.0088660042869772
323.5544902891  0.38948979604911  0.17268552153631
242.05164222679  0.62924840588157  0.089329051348108
276.40588578518  0.74547201440772  0.15827691725919
241.17129533326  0.78152844361946  0.072463613555128
243.93627565828  0.46970322825721  0.11921687571572
278.29964371892  0.57865857594508  0.1512256516175
243.61411091916  0.74278277413767  0.14920193804257
280.38690705002  0.81332846078328  0.13677429616346
250.45308917496  0.94635286185374  0.14109407516956
242.31989122321  1.0274398707209  0.14660941243087
259.88201683581  1.1656850584963  0.18752615863341
299.9288765418  0.1489709902457  0.064576561596251
276.52884665513  0.32456003909427  0.036245587030084
307.11473014558  1.0574227241036  0.14747642093871
279.42381091287  0.83835719625537  0.17204380609601
406.36375796226  0.90627067300461  0.22997948087574
258.32076587806  1.0426135845158  0.28799936838869
256.61011636892  0.56087371247988  0.08022568263145
239.20769012283  0.652694945985  0.015917692143244
314.93371090268  0.77762238995353  0.18361296919329
289.96482410699  0.81731404996432  0.1298159876567
272.19043128045  0.91980174192146  0.16405696055379
315.72824468158  0.96905582436292  0.223676283769
329.54185821502  0.25196225034882  0.10254901713721
337.80849020349  0.34822680359095  0.037820581006854
430.46065884058  0.38279224372862  0.081833208297557
297.91479738268  0.78248869964734  0.20537681268156
304.25112192096  0.86953104022726  0.2309533693932
325.22007931495  0.8394907394436  0.10680585402818
352.50552865062  0.41406165829495  0.14882104205278
316.29027522115  0.57456574463535  0.20044336460428
379.25766410523  0.83727136056222  0.23023767559217
292.89900892865  1.03126700302  0.17468912780504
274.45921937694  0.7934676993653  0.11886301649354
352.29844992447  0.038025657041829  0.072670759552302
353.24841529443  0.32994420403921  0.13551354551618
266.74437060005  0.55934933499378  0.041548967202399
282.03289968572  0.68295546328894  0.12521743422201
243.30248279151  1.0945206637726  0.32491968318332
