127.7764223	62.55815945	4.375582952	
121.7987686	61.40456757	4.975759332	
91.41678182	66.7943948	1.700124716	
105.2798947	64.44924062	1.249762275	
116.6836834	69.20759465	-4.528720322	
121.6812181	61.9168416	4.028799243	
153.2812782	58.57295948	3.799857146	
88.63951969	64.17659608	5.423621879	
111.0623244	59.76221615	4.733751402	
75.05135521	71.42365845	-3.602434448	
168.0369181	53.30335162	5.013819448	
182.9577613	52.58012624	5.695084038	
146.2241002	55.18488228	-7.126731686	
193.7285626	50.81166425	7.464486578	
148.2112743	57.91629999	6.413989601	
223.9791127	48.56375991	11.1758869	
199.6417367	53.07199848	9.434951758	
147.2113288	56.18760482	1.280168503	
186.4338872	52.85680525	4.506513343	
158.0526057	54.11044274	2.026544411	
176.7279544	52.6420468	2.929112269	
160.0193986	57.66974164	4.629588898	
158.7014575	55.96917577	5.564400948	
185.4895807	51.83477361	4.58749889	
183.0103553	51.53086337	3.758949374	
173.1812867	51.74823347	8.985729447	
172.3302462	52.56459852	3.154951407	
154.1667941	54.23755224	1.963891944	
154.9850218	54.78566311	6.07994515	
132.0233314	56.16081188	5.579794365	
185.7524094	52.05382794	6.795019081	
195.4638848	52.05517863	7.866185064	
199.6918644	50.83433762	-7.373708449	
159.9843078	48.35564118	-9.113303701	
170.3794488	51.56698547	7.243313332	
176.1624671	52.33402061	4.079792458	
191.9722984	54.66028482	11.65259234	
209.2800135	49.15609455	10.75565435	
210.4788861	48.96623947	9.280985768	
198.2674639	54.61441558	8.055045578	
222.8310962	51.54861757	11.90065445	
174.0026642	50.51802036	6.722621746	
146.4663954	52.25603802	2.564420224	
163.9537669	57.45310915	4.766032369	
198.5083529	51.86286305	7.811453528	
189.8790407	52.20863508	4.270692925	
195.1241405	51.88887643	8.402676201	
183.9635961	51.87727467	6.244050311	
170.5991965	55.10753803	4.691650432	
213.5732739	50.01040847	6.81474438	
205.2991135	52.31570912	8.553480802	
180.390374	50.78148458	4.588521547	
217.1261649	48.95100617	10.55456281	
191.6188891	49.28035186	6.107069747	
196.5380738	49.82452663	9.765730618	
240.9404159	34.13248589	6.550976709	
202.1817006	49.15276487	6.55557328	
187.8211434	51.2262028	7.041609013	
257.2179194	55.2922053	13.32254555	
201.9351888	48.83678327	4.574674423	
184.4513227	49.48993904	6.96743125	
191.3199357	46.54176402	6.761260678	
187.19058	49.09843187	5.594493467	
201.3418379	47.93470793	5.705158081	
240.3444152	44.48518752	9.555183993	
389.9231905	43.82298052	7.648110915	
231.801296	46.92542308	9.747364244	
346.883633	48.36294271	10.2868929	
279.2807942	44.28958723	10.22564117	
238.22383	43.86372758	13.44469958	
241.3367024	47.78314258	14.09787454	
283.8624945	48.08035719	18.21740783	
218.9991757	45.14492586	7.4899887	
244.6589517	50.36027922	12.15062728	
245.4047963	46.91156744	13.63709031	
440.1429738	46.19218681	11.14930692	
233.0293261	47.84932106	9.540277985	
250.2716656	50.12073277	14.10095406	
244.5592148	51.70366196	12.93486993	
229.6142026	49.05365276	11.17452216	
243.4470604	51.97896521	11.71411435	
244.9471372	50.01036638	15.57493623	
204.9295985	51.70246504	7.844549252	
219.0442614	44.82441531	7.471441298	
510.7150059	63.47783209	17.05623629	
237.1148575	48.59248535	12.45203434	
213.8534047	45.8954592	8.403724741	
235.9403515	50.1623174	8.887322137	
247.868388	48.96287113	11.64236399	
233.2305436	45.63758948	11.14799383	
243.9903538	51.44467726	9.648895119	
223.6714219	48.97174866	8.836259672	
247.0826177	47.31473077	6.810098123	
245.1117704	45.93559547	9.229827822	
247.1131155	47.48485193	14.03135009	
248.602244	51.29188636	-6.02402583	
244.520904	47.69880829	12.89408009	
214.9179562	45.06902003	8.529682198	
242.0738174	55.13287598	-1.548416965	
288.7458149	53.95410982	15.57978598	
245.6554376	47.25831136	8.769588729	
218.0300589	46.6764909	11.63352342	
243.2693162	42.5556459	9.131677906	
221.2840623	48.16750058	8.374094576	
208.3661588	44.51719219	5.963341963	
248.4476556	44.62871282	11.27966573	
250.6821379	48.14815749	13.99721466	
244.5126888	51.45203847	11.033019	
285.7549566	45.84308011	15.43971987	
282.3117511	46.66647934	14.44164893	
281.7627992	46.54268624	12.80929877	
245.3518115	44.71808584	13.5981863	
261.4788932	47.05704511	10.47952603	
286.7741868	47.46153917	13.56950413	
247.6113667	45.60295818	12.35506019	
321.0178232	53.88563177	15.30418889	
243.0627556	55.33078737	14.56514227	
284.9332622	43.72829342	12.99014926	
273.4496628	44.22036111	13.7305622	
281.9058586	49.21403355	10.89352465	
246.5458339	44.63239191	10.7564939	
271.4066318	41.91285303	13.97044966	
277.8505414	50.04432575	12.0684675	
268.2706811	48.95831847	8.879732117	
243.6862931	54.17653401	3.019232941	
293.1040783	47.28387825	13.71909997	
289.3247203	47.03517455	13.93163856	
282.4088854	46.3966514	11.35562543	
257.1414119	51.95917764	9.862568973	
244.0059437	45.17051982	10.76610305	
240.2963767	45.20928448	10.53223189	
249.9488111	46.25436903	11.4527921	
281.1117967	46.19110878	15.38892876	
275.1150455	49.28458959	10.51358169	
249.5457541	48.32937786	13.00356985	
250.0877389	41.55765381	14.21255811	
276.5526555	36.82910932	9.72538492	
276.6616802	45.5971388	12.62058593	
252.7225847	50.08802115	13.20849228	
246.7696268	46.94039315	12.171936	
287.5098739	50.97669974	16.76781557	
246.2711661	42.7479002	7.415561174	
285.5572406	51.92054303	15.66516241	
241.8459303	45.03758646	10.91578362	
246.8634272	46.25805223	10.82967892	
286.2161933	48.00910625	15.0168583	
244.0471726	49.83729085	12.25571385	
304.0227443	46.70053893	11.96361652	
313.4370168	52.9080365	12.64064837	
305.6224494	50.35941993	17.12365336	
264.8609581	46.88666019	12.28513454	
314.5132861	51.81697105	12.42177383	
316.3247574	46.1459423	11.65020546	
280.8939581	44.21262494	15.5014261	
328.8054472	47.5219705	15.85545505	
285.5717209	53.03159811	15.35895769	
321.2787462	47.216107	12.81738247	
317.9183633	51.28721066	12.67740742	
282.955323	48.34599659	11.70798134	
248.6342288	45.22513724	11.23071415	
313.5011377	46.562358	15.43782086	
302.5684044	50.78664596	11.02786125	
258.5890454	45.55496359	10.85691868	
285.6404786	45.25613489	11.82486063	
317.063839	48.03804068	14.61327141	
305.4668578	46.25363509	17.80688593	
336.3915431	46.95537261	22.14128578	
299.0901561	45.77983879	12.23305919	
263.7628462	45.59273116	11.7756352	
314.0896167	54.35062049	15.74178593	
328.6723662	50.37001694	14.95770245	
321.2140384	57.5365676	10.85071551	
253.50122	49.8091993	13.11779483	
307.6169487	47.42766175	13.65699577	
253.8697923	47.39832271	13.00397198	
306.4347048	49.00375347	20.22416667	
277.8965792	38.06426744	8.237711555	
273.3179974	45.2495736	13.11237206	
257.1499492	45.5462459	11.60722573	
275.9271687	44.23461412	10.20646558	
252.5232662	49.75156368	14.75373229	
262.4410126	47.3957743	14.92382188	
306.8450428	47.61262425	19.6001883	
246.9250904	42.47804725	7.737690557	
255.2250236	47.82728615	13.42089016	
249.223147	46.5150515	14.11822804	
284.1057722	45.82301525	14.01531632	
262.9018852	48.30130802	14.42125042	
299.9411423	46.90617317	13.84250436	
283.2445891	55.43582078	12.98949708	
307.2641833	57.45366245	4.484175359	
290.0876521	50.46766721	11.73669112	
308.1940094	50.81809595	19.25794407	
337.6301782	51.22673889	15.52454836	
299.0703566	50.12605364	11.89006098	
298.075316	47.05447279	16.55405959	
318.1268783	50.67570111	11.71865525	
307.9457883	48.68071703	12.79219819	
265.4832121	46.29861793	14.31764416	
286.0077824	49.0662664	16.17652416	
453.9110359	48.98395312	18.21329205	
463.773621	49.50560323	20.5132317	
425.5356239	49.85066593	20.40111653	
390.5361477	43.53681381	18.1090326	
470.5250252	50.14208743	14.55684768	
445.1699983	46.20271483	15.70886243	
461.7623001	47.56498493	16.71847116	
479.5135959	46.51514341	18.200529	
346.2065195	44.38881784	14.48002551	
311.7336123	47.38515951	14.23887154	
280.0302338	48.78489802	12.71991766	
371.9963059	52.57029773	10.41837455	
334.4830871	47.34776087	19.46863159	
279.7785932	47.125337	15.16559492	
254.3046355	56.48998683	8.886351254	
326.9814312	47.86338947	17.910185	
303.8396345	45.25604544	11.67383459	
348.0016821	49.13467556	23.48423809	
328.4484864	49.95013873	21.22552785	
341.5723479	46.38159487	12.60270003	
271.0738621	47.31500507	15.39023562	
488.7098976	67.61902458	28.73382356	
338.4653837	45.74834968	19.78182252	
279.6015562	49.70422615	18.39146257	
291.8566345	45.69453303	19.20285952	
305.0748382	56.29665627	12.20458136	
356.3535987	48.02685094	19.06627358	
348.8714662	45.34370096	16.69806275	
306.6583133	50.77207065	10.63546097	
319.612105	46.83728684	15.31523726	
351.2856337	48.56082825	23.20660599	
295.647466	53.57060383	11.30071593	
312.931723	47.02551224	17.2857039	
353.0677631	47.27994049	16.26222415	
346.8058796	46.74530698	20.02392762	
292.6932193	46.95755553	11.36543116	
365.3774114	48.6141553	4.793033915	
359.424721	45.96821833	16.66812167	
559.0093584	53.43477943	8.617646317	
311.1498676	46.23542533	10.20266727	
338.2592722	48.67845814	16.16365452	
341.2816268	46.10104488	13.48006078	
370.6500445	50.39195618	15.39260331	
336.8179523	48.82539276	21.02597791	
300.1026912	47.98819813	20.91052814	
290.4003421	46.52980489	21.37742974	
318.1960142	56.83020891	16.90213827	
340.0328548	46.65035554	16.51966403	
339.5128166	50.68634854	23.51848603	
334.9299695	45.80147352	17.27278465	
303.5836527	46.4192675	14.58944877	
351.0951476	48.87205774	19.45769738	
330.3617266	50.35670205	17.0973496	
317.7885148	47.87112029	15.72228529	
316.7505856	50.36149731	21.4487626	
352.3474347	48.03546234	13.19994306	
301.1401917	46.27682048	16.86861859	
319.4186228	47.50856568	15.93291894	
366.4749532	44.95442669	19.57665534	
337.8598705	47.2732125	18.07828995	
306.5981953	47.52869305	17.69768355	
390.6923977	49.34355202	20.48038713	
289.550182	51.73095084	14.63853061	
398.5419425	46.8096341	19.56472423	
400.6918563	48.71297999	19.63503763	
302.711008	54.13506661	-0.983357677	
388.004856	49.68987932	22.65062219	
407.2000855	45.55632255	14.95002703	
433.6444153	50.01321722	15.85826106	
337.6056197	46.50258771	11.1183953	
367.7393727	49.28533913	23.47226142	
445.5369712	48.98924528	18.47115746	
403.146538	51.54637461	20.09294669	
392.106828	45.89848873	19.80303157	
423.4960769	48.49470628	17.97804449	
416.1545509	50.5730616	15.39222932	
362.909039	51.53074352	16.6747999	
387.7536574	54.75459677	20.8936203	
337.4873907	46.99015491	16.86637626	
410.6049573	45.96863947	18.45591119	
378.1216445	49.56898432	24.14059346	
388.9444513	50.12473742	17.00732835	
373.0787759	44.15615582	22.05658002	
378.5259718	47.59052131	22.07294984	
378.1088557	48.30135762	16.38679914	
386.2566784	47.42940896	17.32013304	
454.4964018	49.44726214	21.48576256	
438.3354874	47.81862556	20.5109393	
401.3487777	49.80894919	18.15239244	
503.2909809	50.07312851	22.8908886	
382.0328924	50.85580932	21.17634405	
411.7326401	46.83293939	17.23600026	
468.1920458	43.26858866	15.48271724	
457.5700361	46.88792286	21.66251133	
364.2788311	46.44023712	16.73042775	
366.1833676	38.20683227	18.84693651	
423.6684369	47.14404897	23.12032637	
385.6933845	47.07175226	18.74606151	
329.9438938	44.10095538	13.92117111	
376.3895882	47.72115858	15.87128582	
334.0023372	46.53768231	20.56912881	
339.1225932	46.01735092	19.3790369	
373.6593355	46.42785209	19.30803183	
316.9612968	46.68343839	20.62180891	
370.4262296	53.47024528	20.37437024	
376.3118107	53.49054187	20.66468268	
317.5372686	48.48461619	12.45375138	
333.0441976	51.37813442	19.01364984	
313.4530208	44.66955995	13.48416012	
331.1010922	47.11767355	16.35590038	
365.391171	51.01323949	22.16859765	
422.2064782	50.6396605	16.66547776	
336.8096592	45.82350607	21.60929229	
446.9434977	55.49361368	23.66713798	
395.8609653	51.28536937	9.090851661	
453.9818809	45.62683021	19.10323913	
448.3024323	49.06470142	21.97730711	
372.5767248	46.12288878	17.39140146	
373.4111922	51.50275732	19.91372003	
388.2013522	47.91986796	21.07571267	
503.4908192	44.48697682	17.77800869	
398.0960082	47.50217899	17.16942237	
409.4853547	45.45645746	16.04601758	
654.3440381	44.24926774	13.74225693	
501.1983331	43.44963244	27.1827027	
656.8919072	44.90637482	23.65606206	
616.3897891	44.06448813	16.81854641	
642.6755277	47.3003397	33.00828678	
616.8121605	47.18141535	14.61590166	
622.4034216	43.42189986	14.29782308	
469.1194994	44.48995239	7.395679201	
453.7801789	46.28316902	20.17191092	
492.8405542	43.01125234	11.04421844	
516.8572742	46.78783632	12.15462574	
659.5306745	47.41540301	29.43426715	
586.1950436	45.36508637	24.56701558	
175.4132556	51.48202044	4.196875409	
187.2240726	49.38714367	3.759852742	
214.1083094	43.50242871	8.373402005	
205.4713069	49.46437668	1.978880432	
183.8597028	50.17904069	0.856357673	
156.1849388	51.05337129	3.396389872	
181.2936735	51.01599155	1.245525913	
231.8863952	44.49684109	7.952476504	
238.5497537	43.20305971	4.289274102	
244.4943665	41.17539993	4.713594162	
242.8370814	41.84240844	6.505624631	
242.0203164	40.20786392	7.189282698	
240.7178547	42.29071041	3.594684944	
244.5577418	42.90833596	6.897080295	
210.5852062	44.41358985	4.028785668	
228.7677847	47.15770444	6.700974567	
194.7013988	49.37783167	7.333897123	
242.1782927	41.03003688	10.73410692	
210.3341999	41.20863081	7.636533218	
243.532362	38.31386831	8.569210879	
281.2054398	42.20714065	10.12395108	
240.3862247	43.35812027	8.500275517	
238.9727962	41.42936369	8.384156695	
243.3651273	44.32437462	9.752191269	
247.4814278	44.48708188	5.680676426	
281.7633185	41.44004958	10.40717869	
260.5834744	42.86019909	5.742110747	
223.3402895	41.91144789	6.12215372	
271.88031	42.22262461	10.07953271	
242.0194432	43.21163405	5.901223073	
281.2320395	42.0276284	12.12390895	
292.4798805	43.6222333	13.51982891	
236.966659	43.30444735	7.661864038	
315.5545891	40.74160993	8.65280066	
243.3116379	40.30217662	4.576815698	
287.1130051	39.81169901	7.282289841	
271.2051705	40.10426411	11.56611028	
309.6934386	42.59395629	8.34273589	
319.7294648	38.91280711	9.97078961	
316.895939	40.79957184	14.46845527	
246.4302703	42.40857036	9.737735321	
314.3875847	43.0618568	12.42459392	
274.9914177	42.32372225	10.46725526	
314.6916804	42.3532851	12.64103962	
295.6053875	42.63864946	8.980586554	
325.9891544	40.76936764	11.19786617	
283.866123	41.58489332	5.971037054	
383.488244	42.25327307	13.31722536	
355.8260713	39.36723928	14.77517039	
371.9465041	41.42316263	6.325111977	
339.8677217	41.76230778	11.50820562	
310.8277569	42.5336299	7.8591972	
358.4915043	38.74727648	6.595242939	
370.1057153	41.5677163	15.92874789	
330.4162188	40.84511435	5.541316444	
365.0637285	42.15622912	9.552190927	
377.7016261	39.8744424	15.13767333	
350.3132183	40.16642376	11.39943127	
409.2117447	38.00668745	13.81865794	
374.6214046	41.42935768	12.3634382	
381.3775844	42.32929751	13.28709296	
347.0239824	41.6797556	9.387185136	
342.6337813	42.36710346	8.601637417	
400.6877817	38.73144174	12.52821937	
412.5005662	37.32348528	12.5793341	
596.1610862	39.56150132	11.83968138	
392.9966164	41.770986	8.837689762	
336.2892529	41.10457149	12.5730536	
417.5180538	42.7869276	14.60285023	
388.0462525	39.81497634	12.5347034	
346.8631332	42.15177834	14.22982834	
402.8614339	40.76468192	15.07943713	
414.7345164	42.29236436	19.65311742	
391.0585634	42.85248966	11.04338909	
383.4516712	41.44797569	2.96372568	
461.1502719	44.23725489	17.99436356	
348.9496201	43.8334911	13.6507824	
420.8909962	46.29985518	16.34050545	
391.059877	41.77221803	15.50150011	
402.1546492	49.08575394	13.28120916	
411.1581683	41.43191508	10.41796759	
400.3086861	39.06188468	14.58832308	
416.4683559	40.94404393	14.67340885	
377.9527615	38.66182427	14.03858653	
493.2559016	43.17849667	10.5519105	
482.0929739	40.55330239	17.5105619	
473.6726218	43.1781556	18.71324196	
432.4759235	40.0252741	5.583624976	
396.2681107	38.99073942	18.69657609	
387.4321171	39.27031704	12.54429917	
382.2730886	40.95876138	13.24873921	
399.0727045	41.70195997	8.855817514	
419.8196955	40.8328438	6.672629813	
486.7735846	39.94210732	19.29563947	
397.5895906	45.47893778	3.640528531	
383.101964	39.66006919	10.28329027	
381.9693967	41.10975241	16.44369083	
449.307939	40.60317856	5.679024021	
481.0985276	40.5062266	20.22448472	
381.0997916	40.8192906	14.59895579	
387.6961319	42.01960533	13.88132234	
386.7449147	39.7861125	10.64203825	
391.2035978	45.39590902	23.14113593	
394.4727731	39.46105355	20.01325818	
465.1320792	43.63791519	12.54191103	
376.4040004	42.36351643	4.557584425	
414.4930607	40.95082357	18.02186914	
583.2184516	40.91783339	15.18851213	
448.4030155	40.4875764	10.89245201	
472.2736439	35.10997756	12.56325843	
485.2696095	39.78590378	14.75110554	
401.6678893	40.20379855	6.124267934	
480.591939	40.48402577	10.26309435	
379.8213683	41.22453424	11.38770607	
397.4807669	41.00285108	11.44417688	
695.6785377	45.81530371	13.63577636	
556.9130762	40.35499902	17.27182092	
462.7181046	38.71092909	20.02484342	
460.2186672	41.90973018	9.820328649	
564.8236996	38.26458748	21.00515164	
529.6991772	44.48168066	30.42801514	
573.157194	39.04141886	8.502682901	
573.6900953	41.67425904	11.06360341	
587.4780542	40.28612127	9.931392233	
624.3614327	47.26402525	19.2498605	
594.5515223	39.37370506	15.86888453	
562.2906228	43.62263598	16.46554272	
567.9517663	42.98011491	33.68839796	
462.4527467	37.55656073	19.4726951	
577.6536638	39.1334971	8.252199967	
431.7185692	40.14182505	16.14938675	
474.8573585	40.03879811	13.80383438	
612.2952132	39.53160161	16.06611488	
683.9564494	41.34874381	34.72711424	
650.9182579	40.66624062	12.33863606	
537.2189783	39.85827843	12.23686776	
553.131664	39.9305657	19.70194441	
500.9195175	34.89701087	15.62066311	
506.5716866	45.16584184	17.67139554	
655.5220015	44.28765664	10.30803154	
644.4515058	41.87808982	27.95821073	
650.4312899	42.7589469	32.73654195	
503.5864154	40.51849267	6.949477236	
573.7494225	42.01636089	18.5316011	
571.8283891	41.76026915	15.91898146	
661.3393424	41.95336887	24.83935646	
650.5283358	46.29296296	32.07444683	
640.7990561	37.94212808	22.0005116	
496.9486311	41.24611477	8.586177488	
678.4519019	42.1241853	30.32459542	
538.2696909	43.88759309	6.58406253	
523.8164602	42.57356465	6.422105579	
637.3930806	55.49231278	7.760455839	
123.5074715	48.93553209	3.056373343	
118.210537	46.13703509	3.454787641	
115.7942744	51.58934429	3.743961861	
91.52546452	59.85332823	-0.699550704	
114.4786808	51.72602999	-0.114128199	
100.494058	56.67232922	0.712585305	
98.88172965	57.29694359	-1.382444669	
107.1047965	55.5791173	0.068285789	
92.45060583	51.42961458	0.875785835	
153.6020234	47.61664737	8.375231851	
154.7364577	47.30759286	7.336269927	
121.7362312	46.36781191	5.864262796	
135.0485895	47.07153971	2.993098099	
145.0511459	47.89676044	4.746860099	
160.4639633	45.01499796	7.459420306	
119.9017305	50.15353967	2.758133079	
208.3808046	40.67196617	4.784656418	
184.9553936	43.53016231	7.935507989	
198.2129823	44.06174526	4.904883337	
209.4029795	42.31416448	8.352729095	
186.3349136	45.8126958	4.203128355	
240.2961793	35.42132453	7.604191297	
223.1664017	42.88572526	3.243612544	
249.7996256	37.85120185	8.281293522	
216.2462717	42.67578516	2.407795711	
243.4734624	35.5004893	7.643536847	
235.8023281	38.25316952	5.897893344	
216.8528588	37.93814807	4.106005036	
240.2723422	36.64362746	8.370178751	
210.6274755	41.28803251	5.682948975	
244.1385825	40.8118339	10.33224295	
242.3023724	37.97244586	10.94171959	
242.4067718	36.98667767	7.250388833	
375.7628227	44.8767231	4.306744892	
226.6134928	40.99151444	6.127461591	
240.5407903	38.44916648	8.31588203	
268.1167162	37.21755825	7.96040853	
253.9692073	36.55267444	5.131603511	
275.525748	39.9338045	9.796838	
282.5042067	35.12656146	8.663508271	
244.5860925	36.81243635	6.295201097	
267.3449754	37.20091926	11.55918728	
285.2677613	35.70399169	10.7534922	
242.517897	35.50612074	11.61901472	
257.4781805	36.11303563	12.30594385	
256.5980804	36.16346866	11.31127466	
268.0465515	36.397445	8.365748242	
243.7624591	39.24694091	6.563967611	
274.3274296	36.20409873	4.420248554	
284.9103089	34.60715594	6.974820022	
300.1764697	36.48782626	9.773480357	
297.5584252	33.26076022	11.09365772	
303.7338442	34.56835135	7.645963615	
293.2425359	34.34431401	10.5658435	
365.6462073	40.67164593	7.311520782	
248.5778786	38.89369123	4.277160683	
321.6008252	36.03322453	15.85252151	
277.4904429	36.45568969	10.36010756	
315.0113038	36.35855157	5.18707078	
302.6401124	36.56883157	11.95005768	
315.9913458	36.27526779	6.404432984	
306.6956656	35.74999085	7.490432336	
309.716768	35.95407419	10.17586404	
309.8311273	34.57707353	8.709418253	
286.7115138	35.91018932	11.50518449	
317.697369	37.32188374	6.311923681	
268.4653672	37.03597635	1.678255097	
253.2539008	37.64373671	12.91739236	
296.456974	35.96207326	8.224144697	
298.9685316	35.73218843	11.09358518	
326.836541	36.75472607	10.27633731	
340.8413954	35.17621018	13.79704587	
360.1521089	35.34203158	12.64416776	
360.1789858	35.14964359	10.74745642	
355.7295413	37.27893794	11.44951052	
331.1539324	33.43368892	9.631461759	
353.8310447	35.52011244	13.26613761	
373.0236014	34.74107932	16.16998694	
366.6348433	35.04069701	16.58030529	
365.3262341	34.13654782	14.08094409	
360.4724346	35.45838965	11.94453185	
332.5378278	34.72591304	9.481484218	
355.6622264	34.73050564	10.79446099	
310.5686743	39.51286542	5.93209255	
362.5323799	36.34556877	12.91235395	
380.6673758	35.57561614	11.44576024	
337.4365029	35.05737097	12.86307062	
341.2976259	33.26732473	10.60399662	
367.9391293	35.49897392	12.29569734	
383.3161538	34.85949118	13.15389866	
405.6635249	36.00456951	20.71274662	
409.2340721	34.74012573	14.68191326	
404.1908576	33.55019163	14.22998621	
400.959337	35.59254188	14.04928921	
385.4105868	36.06027009	14.15977136	
403.6953396	36.45100044	11.0077006	
396.2284678	34.0225629	11.60195695	
418.2862558	34.74432359	17.01554848	
407.5493047	34.84483843	14.08087936	
370.1503097	35.9066386	7.288894734	
401.3383775	34.34613032	13.52929022	
403.2060889	36.5644229	11.86030519	
463.2275534	35.40592547	15.42496207	
457.2340878	36.06974092	6.647187069	
467.1357502	37.43351963	15.15125273	
396.2391328	35.46545943	16.68100997	
464.7668566	38.54777951	9.571752024	
430.6159183	34.28415597	10.79431068	
588.146839	38.06696693	12.04959592	
406.0384869	36.39460207	11.33573784	
441.7830254	38.07649546	9.328438286	
430.7602697	34.60586626	12.86469777	
418.0433727	33.30340279	14.4977545	
455.2756607	35.83238746	12.37948259	
396.1137455	33.58564834	16.06588593	
489.8395791	35.79073455	13.97347865	
413.4313013	36.03646198	18.57763668	
391.3243731	34.21746394	15.68520865	
448.1860809	35.84405423	7.907686537	
441.4456228	36.65181235	11.81505273	
460.6940613	35.0601932	14.61965492	
457.97476	35.97089212	14.51105573	
436.3664127	35.79291958	16.62100708	
432.1200118	35.0986775	14.09118003	
478.3950199	37.07197561	13.51120621	
550.7662407	35.29349318	8.731309003	
555.7368099	39.4755248	9.607235927	
541.3659852	38.80584947	11.55235796	
495.6458429	34.70860905	18.70513777	
467.4980897	36.26187608	6.219409478	
558.482384	33.75436318	21.53795869	
441.4045135	46.24223953	18.22775732	
544.3886585	36.31337205	14.02876065	
535.9477224	36.00197814	6.169847915	
448.3775873	34.55894655	19.24761133	
489.2873536	35.40232707	13.23649761	
549.5546839	38.65050888	16.78784055	
426.7799175	34.69429011	7.481868475	
530.6676376	37.14871622	4.342766053	
459.9594849	36.90107905	9.927773573	
476.9511061	35.56786985	2.674630307	
635.9273005	36.34043593	19.02687084	
522.4915483	35.03969372	13.40919124	
444.2761474	36.40151583	11.7102155	
475.389227	37.20392784	4.817225166	
510.8963531	36.03892175	18.99418635	
479.8096033	38.17644106	4.566055752	
578.9273875	33.56047662	10.71143151	
477.6018628	35.54656527	15.68660463	
536.0659845	38.64667995	-0.212617932	
481.0841632	34.43092483	14.71811816	
459.8440594	37.09888859	15.17793678	
471.8617311	36.77818732	16.73548174	
642.5087914	35.34756166	28.33917603	
618.9498278	36.62566872	8.732314453	
656.2658984	31.37790261	23.96057913	
639.0969948	35.63252268	8.570792231	
462.6699819	37.60777754	6.699749636	
498.7963529	36.59873708	14.80119731	
522.1602703	32.38508175	13.1887674	
669.2810804	34.45183562	-1.075027882	
683.7380357	35.95926857	9.53442342	
471.2358981	36.68518278	10.11122387	
123.9944881	45.86014508	4.900665625	
120.2347611	46.68716044	3.76085636	
75.02124673	48.14328912	3.268677372	
140.9294284	41.10095371	3.082184316	
161.7922935	46.28205517	1.845114801	
137.9576669	51.39192814	2.38133242	
148.7221517	42.75910628	8.302742395	
155.5965123	46.86389607	4.819614672	
144.3066981	41.86444328	2.495158274	
164.7408126	38.6168365	8.283942344	
190.8004555	40.5381213	7.042560871	
214.9218205	34.79071394	4.080467048	
205.7782845	42.07387324	7.279201248	
236.7878565	32.16764091	2.398447498	
217.1992629	36.80424955	12.94667326	
204.5359743	35.70220663	11.56588707	
178.7381711	37.58473761	5.602649152	
205.254217	37.28493556	4.791781545	
205.3357071	35.24431268	8.133453806	
194.7579326	37.03386341	6.588403104	
222.1242138	36.77268332	8.27487211	
237.2922318	33.36093322	-4.174144189	
242.6113528	36.28972609	9.094670731	
212.8268988	33.56685811	8.987558055	
220.7503748	34.52817625	8.721420598	
221.5437307	36.6879171	9.418797445	
235.9405208	30.58437678	5.673381693	
232.5659922	34.49103471	9.012633498	
223.3414351	38.10840533	5.470479244	
199.8566592	34.99675317	8.952379783	
224.2080404	36.44945413	3.717904539	
241.4484675	37.45042089	4.898749583	
243.4201285	30.36778574	7.282877781	
224.4644982	32.99350516	5.860619505	
285.1000719	34.20320714	11.1430253	
242.3052286	31.54880613	5.709403093	
243.0237514	33.79040117	6.898190609	
253.091045	29.32683359	8.53806486	
243.5887208	32.04431273	9.675146379	
241.2683186	31.84865369	4.118473552	
240.997353	34.48113866	4.260376334	
252.1038672	32.97398102	8.324744661	
243.9144013	30.9733529	5.191473811	
254.823261	36.29532572	6.611380487	
242.2261685	32.76769027	8.745217307	
239.7388418	31.66892425	7.414398582	
241.4700428	34.39078216	7.022158223	
245.3486613	33.61037011	2.693232053	
245.1209203	33.71440797	3.118995877	
257.7258292	35.10984814	8.729614885	
297.6692353	31.48881607	4.747772138	
255.0974523	31.84806855	6.976048845	
247.2176858	28.84522292	6.000989142	
261.2794281	34.14522177	9.012036676	
271.1215904	30.38533164	4.896997194	
246.6090379	30.67197885	5.970911932	
274.0963022	32.52256449	4.836916988	
297.9665415	37.87817477	9.691582487	
271.7979377	30.43019545	6.920861722	
272.048401	34.78973945	8.71238666	
270.0896328	27.10144529	9.458284859	
263.4767934	34.47834111	4.592682653	
270.270864	28.1581424	7.79242107	
263.4850429	34.64964339	6.97061562	
296.6964459	33.93255169	12.02351847	
251.9030719	31.34113609	9.679959292	
273.1659876	30.55556068	6.302750802	
267.5837477	31.32636504	4.98600149	
290.3317184	32.09835718	14.57214481	
277.2679361	35.7439213	7.975130314	
282.3005772	29.53855662	12.98221486	
399.1220226	27.5931642	13.72835737	
293.7450361	30.88050543	7.305601134	
352.3827851	26.19335269	5.585035549	
305.6081133	30.27646207	8.918337838	
295.5249654	32.93281215	4.926519154	
300.4390612	36.95725256	12.51087516	
319.7237607	29.40228373	8.740248954	
334.545562	32.00725129	13.18447776	
301.3505034	31.68879556	6.692918919	
320.2996719	29.55759441	8.169069166	
291.7118107	33.05269341	5.827111047	
280.3384254	31.01105476	11.80606009	
320.0349903	31.01182917	7.654884425	
274.3179081	41.80899031	10.51732184	
283.3790938	33.03016256	11.30709436	
334.8881048	32.33763419	9.459864483	
308.8894906	33.27640241	6.07027527	
330.7034424	37.01211436	10.30255145	
403.7151907	29.92694975	10.2363385	
319.6286677	31.02055265	16.28579827	
369.1658613	29.5679911	7.541529911	
369.937249	37.21395678	8.862618314	
332.4859534	35.4844771	12.82972979	
325.4720799	28.73551358	16.43032519	
365.3533101	29.61697521	13.74896731	
383.0254603	32.30322569	13.15688254	
323.1288162	34.06495527	8.824066018	
336.2964706	33.28921139	6.772259588	
422.8077243	31.31295407	14.78490216	
342.0185612	31.36899315	12.04160549	
358.0254541	41.67291848	15.40445787	
365.6180419	36.16836026	14.15257492	
330.1097158	30.24698702	13.00747712	
298.0338763	30.8970854	13.14860716	
360.1247732	30.21859678	14.60728197	
296.7064225	30.56532523	6.422539171	
475.0064002	28.92968386	12.77977592	
314.3170435	30.71876798	8.217518104	
374.0134052	27.69651522	10.49250749	
354.6488123	41.54543479	20.26497502	
311.9899935	32.57501213	6.988361438	
318.2813409	31.25570888	11.66370791	
328.7692585	33.98652657	3.150837648	
328.8783836	38.99555487	13.01097296	
356.0545013	30.61954401	14.17442125	
331.6329526	32.83833954	7.329673245	
414.6941794	38.91294228	11.32420178	
356.0951773	30.11183664	6.580769654	
423.7922051	30.05529392	10.80000213	
394.5478396	28.77979878	14.89371474	
391.5410843	43.37753239	8.983853538	
377.7162113	28.74614165	10.44917413	
358.925106	29.76178618	9.580292496	
356.9055394	31.55046615	11.05688836	
472.2445675	32.12041628	17.23938009	
489.7054401	34.73528813	7.893935865	
452.4544999	30.48555633	10.24231346	
519.5397463	32.83458287	12.64949809	
388.1834135	29.91192188	9.005968253	
419.3522512	41.77050314	12.86831529	
384.4537456	30.89466687	5.672915618	
412.1781527	28.96688882	10.87208425	
393.2317971	29.28875932	14.97242595	
413.9503053	32.3095712	4.900163491	
592.1777058	33.8258712	12.3360914	
458.3174103	30.45888357	11.16868659	
440.9878817	40.82384313	4.000466885	
394.4749294	31.42089512	8.976246708	
678.600335	30.68613974	28.55646894	
478.5062638	29.33194347	12.18458094	
396.9498553	36.17876417	10.0830587	
397.0549304	35.08748045	7.475535667	
439.4285906	38.74376056	5.443721142	
523.7971441	31.42061149	20.93546384	
457.4930861	31.3400195	17.73860331	
496.1351161	34.14425195	14.49445371	
441.9644217	31.01118531	14.71894932	
475.2329424	30.14951464	14.28876776	
590.3939412	29.24980766	13.21668503	
550.3798188	36.40812951	-3.191661344	
443.1266812	30.84221764	8.918724316	
439.7798294	31.60726654	16.41222647	
436.8580517	38.7459616	9.749022074	
445.7578437	32.03612382	26.97925834	
408.6095449	30.74457005	11.95003796	
478.9628419	30.6425301	10.46335482	
534.0280111	29.72351855	11.92423805	
532.8530903	31.30115597	10.64731267	
468.0014849	33.1462567	21.94409945	
525.8681058	33.93240336	11.35190776	
526.8682426	30.56487814	13.28395055	
463.3697397	32.43154809	17.46884648	
435.6469035	30.29324206	14.73765308	
670.2594192	32.15211408	13.08715874	
533.8240268	34.22841165	11.31529708	
484.6364759	31.10191237	12.38898061	
502.8994762	32.99377554	16.57407979	
470.1387159	30.33401646	9.323557727	
473.9359931	32.20449425	9.286107962	
500.9944616	31.90789121	13.87541928	
563.3947957	28.82242039	15.64440079	
465.2343183	32.74655396	11.6030551	
557.4439535	39.20961048	15.37039566	
467.9504551	29.87407103	14.18971432	
521.3569974	32.34118932	10.37480322	
77.71894194	43.11946134	5.124256179	
108.5208313	39.13401378	5.593594412	
117.2718402	36.89645033	12.8764827	
109.2196187	37.60980917	5.868474941	
157.3586964	35.45748836	3.523068713	
128.9283863	40.24533808	7.000662799	
159.417998	37.27140347	6.984263178	
172.2476884	32.0837183	4.823608401	
123.0858545	35.61862811	5.126904902	
196.2401241	29.93856513	4.574452223	
163.4732487	32.5817225	3.700218573	
147.1105668	26.05346037	4.009973626	
164.1156673	40.59621148	12.36442057	
198.3360677	31.03699243	4.389193275	
189.9902256	34.61098254	6.021899279	
192.6174553	35.07622025	4.744489821	
166.4287362	33.744014	3.93272214	
180.5826732	33.10325281	3.121650916	
180.6526078	30.51602705	7.194820025	
215.8049316	32.58108718	5.594011484	
209.4386092	28.98718305	5.043662834	
184.3866599	29.79273475	8.788231379	
202.1326652	29.5502061	4.258890375	
242.3505736	32.02655159	8.235843157	
244.7886983	25.80151591	6.208048517	
239.1146594	25.2822206	9.652905077	
230.1026695	32.53302667	4.324002226	
276.532462	29.73568675	5.52899617	
237.5041225	25.62269347	3.656347773	
242.3497209	22.43187499	7.578797185	
251.4407415	18.79910194	2.190832358	
273.1477033	25.90049275	5.234064343	
241.0991183	24.59458021	6.866858802	
213.6894488	31.92707341	7.446757586	
255.1073804	20.18445999	4.4221807	
241.2172851	23.53904672	5.61288329	
264.9648324	24.13296712	5.584419581	
277.00176	27.02013317	5.84194956	
325.7495448	30.37678356	5.162032331	
241.5115052	28.84804171	4.663575289	
253.7018822	26.83257912	7.267840392	
297.6093733	27.23384483	6.222245456	
259.3120686	29.10123521	2.645151167	
259.6799125	27.88248304	3.596769561	
258.6697011	29.06064098	5.949253058	
242.7066315	25.20446071	8.592579864	
261.1479348	29.3059536	8.088217966	
247.6164124	30.11941568	6.634284878	
248.7918689	21.68766734	5.983718906	
246.7131262	28.56819679	8.798139658	
327.802762	27.2538295	7.553357326	
255.1405785	29.11233871	2.64879882	
261.8400645	26.12998826	4.39643077	
292.5376963	28.7210222	4.917918576	
284.8485533	31.01008147	12.7728031	
311.2985849	25.2007753	8.398995044	
296.9015584	26.04309619	6.461323458	
350.0627028	28.01308229	4.859138858	
306.6709924	31.65345168	6.130044203	
289.2538128	27.9276086	1.690116451	
305.0828794	27.67202641	6.913863689	
340.1685325	27.51797543	8.068251839	
271.1009411	24.14365846	9.445712887	
287.7185618	26.95571909	8.527373222	
286.7163542	29.11152318	6.340541394	
323.7534859	27.90129802	5.818828366	
372.795279	27.6380933	8.82973443	
324.5281825	27.60131306	6.755920921	
372.8220671	29.61960257	7.379559572	
427.785041	28.91531062	15.74673858	
320.628654	28.76819021	8.475452253	
386.3844441	26.49308285	12.07859836	
392.7408009	30.80449846	7.991388732	
337.4702661	26.91230675	7.304814854	
355.5969606	25.67571288	8.409180944	
370.4526191	30.84430041	9.346650756	
340.71501	28.20521914	8.59471632	
347.6897541	26.69196107	2.805052995	
340.0635034	26.95826045	8.83856148	
348.4881799	29.04246001	6.846473561	
388.657172	26.58796804	8.884854503	
361.2235613	29.40230008	4.535889145	
390.2971147	29.36982169	5.456296716	
342.1496011	30.31737802	4.130353853	
360.7088582	26.74845603	10.77932202	
356.3034776	28.0979953	14.23891559	
351.5070833	28.66915703	3.538517151	
416.9198773	24.78463432	9.859983905	
362.7734293	28.66540809	2.094781622	
336.710889	27.00609189	6.098198546	
522.3429886	26.19497219	6.188376387	
370.7955591	25.29088284	7.050994674	
368.9725835	25.24733729	5.808615141	
351.6159825	26.65796284	6.778246488	
366.3436444	27.17521942	6.059960272	
364.3268089	28.02315262	8.386120084	
361.1727664	31.76748968	7.257985893	
371.1361956	24.21807195	10.49687955	
422.1771685	25.41848689	7.785236596	
364.1607052	25.78933577	8.081243261	
341.664846	27.45589752	5.430538109	
359.3190608	23.34321173	4.09423958	
395.8272198	25.33053495	6.548329127	
367.7608017	27.22737626	8.170596838	
355.4280973	29.57776572	4.978520203	
432.4871715	23.0201834	7.37130104	
368.9911961	27.76493348	6.547849764	
407.1172089	27.0534182	10.67018897	
349.1108406	25.82545133	9.528409261	
410.3324146	26.4690998	7.093350783	
356.9686536	19.63327417	-0.300479812	
409.2495886	27.39269503	12.09418275	
601.2775949	36.48549712	3.784322473	
390.6197292	26.61324694	6.148233351	
384.3753912	26.95638352	4.444261232	
528.7742952	25.66850774	9.252511914	
417.3545873	28.31457338	10.99678532	
426.4869706	26.58122658	5.676403013	
415.1861719	25.02285208	12.33187476	
471.1523804	25.34147132	12.52608496	
441.2185929	26.38038871	2.675683645	
424.8834359	24.82806791	11.92082673	
414.8104806	25.72286483	8.055431938	
423.9958792	26.20479181	2.608677857	
529.1346983	25.66649789	9.41677116	
499.3870721	29.44105293	10.09325644	
427.5673953	27.11984902	9.181312898	
445.7863855	25.84376562	12.13094152	
458.4606656	26.55490716	10.25037372	
442.2248383	28.22704526	3.962696967	
445.7122171	24.22289038	9.213531381	
444.8517265	27.84101332	2.353230757	
558.7776766	21.9439962	-1.753981602	
509.0286892	19.60625554	2.770288917	
477.5290679	26.21232243	6.232358671	
579.1830457	25.31466661	3.443482772	
515.8074047	24.83501389	5.091604648	
432.0173056	26.80925769	2.305664572	
453.724314	27.74620696	3.429688793	
412.734919	26.57472316	10.48227897	
466.9686846	27.49687092	4.046723014	
518.8520563	27.93839599	4.515631963	
486.8313949	27.62997603	6.964517311	
563.2775649	29.833703	7.57414181	
486.5405043	25.68519199	-3.509728169	
522.2188454	28.07538563	5.166254017	
485.0074947	25.96474568	3.423696488	
532.5685372	25.322554	9.677308087	
141.4703576	26.95461656	3.365678496	
167.140517	28.7799664	2.876432764	
144.7524667	29.42269437	7.221604525	
154.6941604	30.97234981	4.409720922	
135.9987079	26.02828108	3.149810187	
134.6126113	35.54541952	3.569892748	
151.9966079	30.18870063	5.322482878	
149.0920124	34.08361472	7.993628447	
157.4364826	31.05320813	6.81699712	
148.1543081	32.44091668	4.310794402	
175.384713	28.5357616	6.115182265	
195.8146452	27.75412812	2.9652899	
172.5349088	29.46928169	4.361944947	
188.3566781	21.76106154	3.372757064	
186.0092198	25.54621278	2.507561357	
175.7768666	27.81588843	1.733613121	
198.7681523	25.95784796	4.652209941	
177.0629445	28.25531602	1.484745529	
183.9334639	27.28782075	1.763622669	
176.5664306	26.46497945	2.539828687	
190.026812	27.81396798	7.00202416	
186.9029712	26.98086227	0.809539695	
199.3743377	25.61153371	3.96615087	
173.9556034	29.23924345	1.596965838	
239.8755049	28.40224702	1.956043281	
232.6928148	21.3155328	2.030929319	
218.8146954	26.81730959	2.020291282	
240.7030872	20.8844198	1.335540221	
245.6263785	21.54895868	5.201250506	
215.4739167	24.88807158	1.45982624	
204.4194842	25.83311903	6.236646242	
196.274738	26.19369138	6.151145581	
243.2732978	22.31906479	0.408002087	
241.5777199	21.65192829	3.064450914	
240.9247926	22.50380267	0.29765957	
244.323879	24.37212406	1.590798579	
243.7799686	22.74548845	0.07442163	
239.3503079	24.22017492	2.849352734	
232.7451887	21.75092822	6.235485738	
237.5507844	27.07849818	2.252668511	
238.9445631	24.32364215	2.397735299	
243.2680493	21.4455936	-0.693614834	
246.7514311	19.10410161	2.666002054	
244.5742516	22.94060056	1.913315422	
238.5841459	20.28034461	2.182575294	
241.75616	24.32697808	0.079731765	
241.4248498	26.75982644	1.843506213	
240.6028847	21.31213463	2.698758085	
262.3756817	21.38641906	-0.559380144	
296.0494385	20.91930239	4.128782135	
263.229524	22.99570244	1.230195481	
243.4395493	22.62331731	1.222226678	
279.1723082	22.87201636	2.554726486	
260.8297824	22.83127192	1.938011786	
257.0127506	19.30213856	3.130229809	
265.7126105	19.87219259	4.784222994	
278.8207907	23.20390977	1.183090438	
270.8538256	20.78720375	3.750377069	
263.8466916	22.10301094	1.222717653	
259.1154881	22.87472958	0.274040938	
243.7689388	23.92878788	2.668795332	
253.9366048	21.88249116	1.534008456	
280.4693354	24.54233128	1.173590015	
257.5815083	23.02638575	1.536577945	
244.7205135	23.87894246	2.15576717	
247.1505804	20.06220507	3.720140536	
246.0589122	24.09841037	1.196931928	
302.4609988	19.45737145	6.171176624	
247.9029454	25.5362044	2.204641411	
332.3391315	21.62079429	2.501564987	
325.470358	19.10471456	7.18927136	
264.2124224	23.42782645	1.15580958	
287.4607301	24.17261391	1.73115747	
260.8903994	24.51274878	0.841805711	
289.7876175	21.73509248	1.89821027	
309.7739579	20.9454812	5.063094357	
298.709551	18.93506121	4.871300074	
325.1006453	21.85743194	3.581998712	
279.1158697	22.50679764	-0.405138231	
276.9334428	24.05484625	3.140763616	
307.065874	20.12708358	7.44911288	
274.9411938	21.3759114	5.011699383	
333.8942924	20.75894695	5.792016756	
291.0432265	20.92864855	1.615245497	
259.4739277	20.51298321	6.368388755	
294.1668541	23.40610708	1.90663555	
348.1181917	20.02340014	5.017330706	
271.8673288	23.66325464	1.467589117	
325.7090167	21.36173468	3.060241917	
321.9004651	20.39950164	6.130334641	
338.6188107	18.68633908	6.118804531	
257.4793513	22.70306808	4.231623916	
332.9281004	21.53145469	3.83779323	
254.4885723	22.32126155	0.649866057	
298.4895928	22.43250018	1.470033345	
323.7528132	20.84409893	3.57900533	
301.6184172	20.58787881	5.035515005	
345.3208972	15.02922759	11.96260298	
278.4620446	20.60792385	4.865098944	
322.4017855	21.2662789	3.230136041	
293.0166214	22.19164464	0.467147839	
305.3097641	12.44443647	0.525727225	
277.4858947	20.35452034	3.216562744	
332.1103343	19.72826882	4.993430141	
291.7163043	20.89254369	2.492488016	
297.9880274	18.56717758	4.307487176	
278.3126192	22.63075984	1.233867819	
367.5221147	22.25535517	2.660258497	
247.5224291	28.27610798	3.210794501	
282.6142566	15.68201304	0.710670837	
300.7198394	21.2703459	1.975299907	
275.0191615	22.58169619	-0.274802959	
322.2079036	21.14102322	4.650878604	
383.3594578	22.53586584	4.006461917	
341.8142095	19.96542465	6.746055168	
345.0087678	20.7198542	4.295954677	
318.400257	20.21366954	3.108173512	
344.3748101	20.20582659	7.38159629	
372.0890962	20.26893579	7.359429803	
329.7202538	18.44670468	6.707592928	
332.5048769	19.02408357	4.171033248	
334.5293525	22.36996202	2.163564707	
330.1871623	22.76880863	4.595457562	
467.7385394	42.69041186	14.29581201	
319.0024359	27.24920178	8.55726832	
333.4929005	20.83225896	0.889616416	
369.2288124	19.49778402	6.294006774	
377.3419247	20.82949568	6.694731586	
322.1436701	18.07775487	2.891417649	
308.8761462	22.37281525	3.422882067	
318.7974408	21.03883609	2.470479117	
310.5884882	24.82615538	2.797686721	
361.8217653	21.98910097	4.574399756	
331.0200803	19.58994691	6.773274241	
299.6062296	23.75282916	5.296195912	
351.4933433	20.7586748	4.086603785	
322.3100135	21.01370512	2.358080397	
318.9874481	20.12208202	4.972621644	
365.0966895	20.10047909	6.294236879	
318.7891506	22.5813321	4.855404176	
337.2322544	21.45384195	6.056540533	
386.3870268	18.7838774	8.267694878	
359.6210016	20.87416778	3.481920059	
408.1229429	19.15087387	5.591013799	
363.0952515	21.65847205	3.76582655	
337.0542601	20.37537981	7.009534741	
355.352821	21.41022971	5.278938974	
344.0513454	21.60605173	4.284501946	
346.8765999	22.44987267	4.5451007	
385.6666874	20.5914077	5.53425716	
411.7262767	23.94998771	4.453297977	
352.9633725	22.33722103	5.063546694	
355.369021	23.27713057	-2.729803464	
390.8376982	23.07593374	6.642749993	
351.5219175	23.03774013	-0.155132038	
363.3133647	20.44451111	6.78331759	
359.0848545	22.64884968	3.584309055	
343.7703131	21.60543307	4.335600027	
349.7706533	17.29466709	2.405584328	
355.8738099	21.71760835	0.954835579	
412.5160418	19.39983166	5.660835436	
395.6410553	19.38585052	4.092978641	
404.3181329	27.20052048	8.525474405	
341.3902431	19.9912763	6.164236441	
343.103805	21.43601943	3.153397696	
375.3611871	19.21405521	3.033086156	
355.9825317	20.21525249	5.896588893	
341.8088186	22.29292045	1.719875742	
380.7102328	22.75154654	4.97788312	
354.3018204	19.0087802	5.896954402	
415.4965285	21.93535493	4.340097246	
383.0666504	27.39320227	8.563190418	
344.9951703	29.2709802	1.155988958	
346.9607124	21.55827597	8.463551296	
340.0312309	21.13692279	5.150811985	
338.3769792	22.55927429	2.019742047	
311.9952822	23.4825558	0.951068559	
325.3035373	22.01760038	2.904063661	
375.5226509	19.75946356	9.386231364	
334.7045044	24.09229345	2.523075599	
366.5459829	19.93952803	6.65055299	
382.9777703	21.35051124	6.708910716	
360.0912333	22.13734864	2.234525046	
381.4603226	20.73130171	3.399753176	
394.0051135	20.82493026	6.5242067	
459.6522142	20.48211025	3.2953972	
383.7026	21.29901846	3.591208738	
461.2294665	18.34101814	7.596088756	
385.3253905	22.31731723	3.502222695	
387.289818	24.15889428	-2.21115854	
421.9477898	21.16576318	5.581332788	
450.9755953	21.41105734	5.764476405	
382.4747786	20.56859653	2.150548184	
387.3259064	21.64213205	2.263099767	
441.918108	21.00086996	-1.879271518	
444.0800068	20.46076098	6.089016891	
374.4870213	21.22062841	4.654145051	
367.6903722	23.59640292	-1.357712426	
385.161167	19.26918905	7.743064619	
383.4306986	22.0544694	5.71453907	
418.5350575	20.71640134	5.818695421	
454.3930924	19.18879344	3.962523829	
442.7247884	22.79000261	6.642288009	
388.6140823	22.27434596	4.563832428	
438.2106986	20.85894826	7.652191974	
383.7168335	21.14147347	4.793937958	
366.3451031	21.14855921	4.800869821	
459.6681624	24.2247719	5.691753234	
452.6247435	21.25407507	5.160428303	
381.02221	21.27562787	5.960981216	
375.5625791	21.86958654	4.104262326	
359.7868953	24.10454281	3.474685068	
418.5380028	20.88207666	5.151000489	
371.2056317	21.90994151	5.48839243	
376.1703166	21.14894516	4.672991018	
378.6485344	21.18928308	3.828562205	
368.1731225	18.70947395	4.234367019	
390.2967786	21.30264657	5.793405526	
360.7877725	22.63605716	1.657452338	
446.4592855	20.88388186	5.315663434	
368.4087287	19.26907337	4.71115674	
490.4174554	21.80040428	3.799889507	
452.0655788	18.72505215	6.827174858	
397.7992846	14.44194651	4.587076248	
378.8253995	22.62502623	3.16426931	
380.4194444	23.44005721	3.698399877	
356.3808103	22.04055215	3.161451886	
452.4004161	21.77995639	7.758192299	
401.8719576	19.57663289	8.619383285	
355.7038876	22.15323179	3.241765004	
461.8788337	20.98294547	2.077241067	
428.9693971	18.66199405	11.07161601	
415.3025433	20.88815787	3.354979509	
417.7033833	20.98436124	5.704100471	
554.9777012	21.67638187	4.026917101	
515.3495412	20.85135602	7.781773892	
402.7043378	21.85117986	0.50059074	
430.7139681	21.6788864	4.544389169	
423.9615264	22.91479275	3.348511245	
400.9286117	21.47514585	4.909562887	
463.2528384	22.11602723	6.797301673	
547.7132998	21.24268518	4.132909413	
434.010502	17.7098704	5.550929941	
538.3073097	22.3476905	6.161380376	
432.4949118	20.92679138	5.18845306	
440.0626933	24.24633284	5.450081302	
519.6702551	22.04771513	9.874355394	
432.175381	22.38703212	4.545391279	
486.3697341	21.59292796	6.899895504	
432.1877151	24.42810823	-3.450434677	
489.2645741	23.20842673	10.66550357	
417.6859157	20.68625523	7.224003192	
531.2405109	20.12191374	4.759940109	
483.4528396	21.88042999	8.100116002	
425.8131562	22.1544502	2.476251025	
414.2914226	22.19938591	0.935969714	
419.572471	20.34638733	4.817368748	
428.5466803	21.61314257	8.606244973	
428.5088306	20.65245779	6.891477447	
461.0617634	20.58479042	2.290189111	
447.0086524	20.58869204	5.004943727	
438.3067337	22.59089063	3.683617623	
420.0694262	20.26248716	5.937889952	
433.7698784	20.10229471	3.556666186	
429.6005291	20.94863993	7.567053705	
424.5269283	21.24307556	8.518975862	
543.4783886	21.67125102	11.26487345	
484.3737981	17.06723218	15.54316883	
427.5449651	22.17072708	6.831942127	
505.1770985	21.25977262	7.400149445	
445.6627313	22.16072049	8.203243448	
640.7590377	20.91235711	-1.89045573	
594.4175357	20.46588056	5.201054162	
705.4737138	25.99858359	14.52809167	
456.6816675	22.76397364	7.733042833	
565.345537	23.91099216	10.5739734	
570.8764367	19.85123838	9.203368073	
664.9672669	12.37257971	11.52809234	
460.4571518	21.85756549	2.906896892	
429.7348688	21.50964075	3.179832949	
624.2924957	18.52042816	7.593305937	
525.6590584	21.63513395	3.942843082	
542.3704169	23.8648022	4.156227339	
601.3092835	21.4613856	8.581471217	
514.2450995	20.90386605	10.85221877	
485.5368989	21.42842275	6.342189822	
140.5415554	24.53908633	1.685880644	
159.1018173	18.37855135	2.772696156	
157.9505149	26.1707588	-0.141080382	
132.2625323	29.76311133	-4.26491102	
182.4666939	20.01379626	3.578424679	
241.5448308	17.89142958	2.642625122	
182.5111703	16.39952332	5.079058031	
213.9073421	17.59601519	-0.172422291	
211.3789352	18.89355799	2.006696618	
219.7945426	17.35728656	4.442219616	
186.1321522	18.55646985	1.581436637	
186.1061977	17.73811394	1.956860952	
207.231396	19.3914596	2.287068249	
172.0819249	18.240279	4.433129622	
205.9499168	21.13244472	0.308465877	
223.9976801	19.22109367	1.435334334	
164.81504	22.83670168	2.114261974	
210.3510289	17.840241	3.558077027	
239.8181039	17.69685442	2.802122629	
225.9550671	16.48905267	2.240914458	
192.4644066	17.07656179	4.423158199	
205.7135147	22.55358406	3.410732751	
166.3242172	20.72388627	0.327280479	
157.8000917	23.49728924	1.622476434	
232.3108192	27.82498924	2.202115227	
199.5158384	16.80001031	3.845706062	
213.1511888	18.9937297	2.905758249	
219.29323	19.41469056	4.877568897	
214.309846	18.52767953	2.011239133	
227.5094761	18.96925477	3.221341208	
190.0486249	18.65429167	2.940859933	
179.7371994	22.64783957	1.813107569	
239.3457821	14.19624629	0.707431615	
201.1642777	21.36974266	1.227535483	
213.1484293	18.00011966	4.503193216	
233.4972592	16.44135276	2.039541843	
167.1526575	19.69170774	3.05687501	
193.6442417	20.8844391	2.369373038	
202.9974545	16.88157627	3.080627945	
194.9704712	18.54606702	3.705208843	
193.674503	20.16194463	2.801204073	
230.478765	17.93469645	3.548090098	
188.6798031	27.90679244	-0.557233541	
204.5110792	22.30438481	2.044665261	
228.1947844	19.73024694	1.446937098	
174.3748798	23.51356344	1.208576516	
215.135406	19.89373296	1.291947466	
229.4051686	20.52312047	1.980615198	
242.3893563	12.94462998	0.685391307	
221.9594488	18.23702434	3.508624386	
237.7534979	18.62007877	1.365472313	
216.0834958	29.94949178	2.078168773	
239.3244293	13.68697386	3.64355741	
224.7553294	19.8568818	1.419329368	
239.8820472	16.64322723	3.29481019	
229.8714009	16.34089664	3.899347632	
210.8480019	17.29117626	5.292829254	
194.3334458	18.24086044	1.484623037	
218.1026192	21.64032257	1.786300361	
231.3636417	17.7808218	2.120202833	
222.9993976	14.60833905	3.138257378	
239.8324319	17.37436288	0.036899313	
214.2870238	19.34811055	3.292505466	
242.3096482	17.3644322	2.590513434	
254.8677993	15.96784208	2.827947252	
180.6285434	19.0961367	0.878239525	
251.1139891	14.798558	5.396520934	
212.3502889	15.99811055	3.609186943	
245.4327196	15.85496965	4.276169786	
208.7825739	18.72827825	4.143518904	
241.2612545	18.67924879	1.511448985	
202.773487	20.55809839	2.023797708	
218.2806648	20.08563142	1.166361856	
236.0318226	17.20694592	3.731720818	
224.1409808	21.34227015	0.296589531	
232.928616	21.782515	3.432186063	
251.0284872	15.59410119	1.758983963	
283.26352	16.05758011	11.77005821	
246.1401309	11.93555974	4.927639824	
241.3630525	17.61722562	3.524292329	
267.1528849	14.17715903	1.265364483	
261.4554033	16.86369729	0.625840817	
257.1551009	16.76763775	0.455932287	
254.9928744	15.784388	6.19366895	
243.3960807	19.30409631	0.305789356	
264.0216778	16.37058744	-0.21975841	
245.1516806	17.70894156	0.044040176	
249.230591	16.1653102	3.213845492	
263.1771238	16.80937244	1.241920999	
241.7882766	17.01630937	2.986705772	
255.9367208	16.42541169	1.945459965	
240.6879379	18.64587517	-1.228826471	
248.1296444	15.42674852	0.302399114	
271.8294423	16.71435317	1.760349892	
239.6417669	18.65835087	0.865458355	
243.8594941	16.72723984	4.906040078	
247.7905765	16.89201261	-0.533681787	
297.1069792	15.41929412	3.769572003	
326.0685285	16.19002436	4.027623989	
311.1369248	12.39865551	5.544851794	
270.9155771	17.90035353	1.554636045	
492.7029058	15.14298947	2.426489085	
319.4414432	15.46211297	7.506656452	
313.4079061	14.24093685	-0.445847505	
315.8613148	15.47025813	4.434461471	
325.1866105	15.78609654	-2.691742847	
319.8357329	16.12234061	2.740807845	
344.4267014	16.70758301	2.979489253	
359.3179971	16.57362016	5.996570647	
328.8002206	16.7633283	4.032405447	
301.5197693	18.33375631	0.895471081	
303.6573394	17.73188357	0.557553881	
323.9722716	16.36360539	0.618911004	
320.1039613	16.53443523	2.467436103	
379.8687058	16.08784304	1.222887648	
318.1095498	23.26483215	5.378139197	
320.2381692	14.60986521	1.116543688	
314.2566859	17.70594706	3.276639629	
386.5859763	17.18967755	3.9491213	
311.8488253	17.56853308	-1.206628158	
307.9883487	18.20220425	1.562738789	
332.4809167	15.50647922	3.938893444	
373.7955914	16.9938035	2.786636749	
313.8377612	15.68506915	5.435359928	
321.9566849	17.44713025	0.161887179	
304.2609882	17.60710536	3.679839722	
314.6644197	16.97053948	4.118703608	
302.9391437	16.14575483	0.780614734	
308.8972775	17.04065545	2.491679556	
359.2621074	17.17031802	2.354655238	
346.3130053	17.58635241	4.623861839	
360.3935503	16.7193382	0.386780532	
361.2319232	17.14665607	3.612525127	
338.9828181	15.61999514	1.749050203	
386.5057191	15.58414924	3.285292153	
366.8435885	16.74598942	0.006921425	
341.8768142	14.90407584	1.773781515	
355.430727	15.2242924	3.325817823	
339.5469886	15.38081194	1.567580861	
360.7545136	14.39485351	4.821802865	
360.5556874	16.2131466	2.28873492	
464.0787371	16.16230532	5.280918499	
357.5117235	13.62622958	1.372920995	
362.1873487	16.68842111	3.664706793	
346.8620798	15.09490169	2.758194967	
368.0124781	15.41838836	3.53399476	
352.630424	16.3273133	4.834627321	
361.4052308	17.27595598	1.614103612	
359.0019638	16.21857604	2.063794663	
374.500045	17.46110647	-0.761314851	
353.0658692	18.66555954	5.894228821	
375.1902733	16.27377866	1.480764135	
347.9604275	17.62647421	-0.348749753	
383.485186	16.75539793	2.216490498	
408.5666614	16.41377599	2.086379996	
530.4150968	17.02884466	-1.133113803	
395.4465544	15.12555163	1.490596565	
400.6392108	15.63057069	1.921132954	
509.2361296	16.43987298	4.234952961	
403.3618242	11.72888898	3.251204239	
441.2212234	15.34749832	4.697415864	
372.0111137	15.60189933	0.240782095	
359.9270177	14.90601163	0.942361641	
374.4101126	16.42960545	1.840307478	
375.4922537	16.60593203	0.538652839	
551.8846238	16.05903504	2.230888041	
544.3724049	16.10752023	5.888357662	
403.4583981	15.34807427	0.796901918	
415.5356627	16.96159652	0.496857806	
399.6441589	15.8225546	0.5800216	
408.9412065	15.28737835	-1.082126242	
394.813178	13.47977283	-1.083914708	
412.5529534	13.38989757	1.083545061	
395.4705509	16.35966759	1.486094256	
406.5159141	15.71429405	-0.785459517	
407.6645081	15.68765601	0.311799981	
395.0482567	16.51135493	1.077760386	
402.066938	16.42413119	0.778848347	
426.5768339	16.61493224	1.718887258	
413.1643221	14.2071661	3.033603341	
396.8534679	15.92261679	1.809291646	
400.4903216	16.05830768	1.132702605	
464.232542	16.14285748	9.661122475	
461.3159931	16.2376209	1.250923659	
444.6025556	15.69650381	0.374298883	
456.9895647	14.05133767	3.372416351	
485.4297137	19.05737396	-2.96630657	
510.6707999	15.22258747	1.652795001	
485.7916901	15.9026772	1.467144511	
493.0707656	16.49454546	0.112006776	
494.1264211	15.13847698	3.016633435	
450.0575225	14.6961637	3.330875768	
477.7645212	14.68097916	2.933488293	
481.6030178	15.86661666	0.337389383	
495.2868893	18.35138213	3.777072172	
580.0983705	16.29358343	1.171012064	
437.6250597	11.02350479	6.659465591	
473.2538543	16.98447228	2.576283024	
466.5212677	15.65015088	0.510321519	
562.7551166	15.75338966	0.127881507	
844.9447336	18.16043698	6.251315784	
542.4969534	17.37692448	0.427039242	
509.3239039	16.92121242	6.095411093	
497.7722329	17.66956155	-2.849207996	
701.9044922	17.36241378	5.406126755	
509.8649436	16.46356195	-2.152840675	
721.1076391	15.88813979	3.87942146	
504.4385812	13.99091976	1.328013208	
201.5293183	14.01133735	1.766530211	
179.1633674	14.76754218	0.20330924	
244.6062744	28.32218219	-1.558296013	
170.7199871	16.31282169	1.677356775	
179.2270548	21.69276179	-4.21669745	
178.7083286	20.8848002	-3.607555503	
197.7663207	14.79377782	0.371669789	
183.9725421	15.09885516	1.376103411	
241.2856842	12.76295274	0.055163608	
197.9761275	16.13411128	0.979968575	
179.43288	15.93685119	1.680272774	
196.8560816	15.30512348	1.021520309	
198.7564269	19.1068925	-2.152575719	
174.4395207	16.8591728	0.412215055	
184.7142192	15.98219584	0.052045334	
229.7421747	14.1346566	0.206612269	
246.296828	11.17134987	1.683001013	
232.2516731	15.46210944	0.590467052	
236.0928966	13.96209614	1.712270434	
214.1869169	14.17861736	1.775322695	
218.5711341	16.10780005	-1.102485914	
222.6563373	15.84571509	-2.263378227	
241.1282628	13.17932955	0.607624519	
234.5646407	16.38085236	-2.009056772	
243.1977304	12.75995132	0.533342706	
220.107704	14.22420393	0.673021297	
231.3632844	18.49816662	-3.690109096	
204.4391775	13.5298935	0.10728595	
229.0440738	16.36081948	-1.228349445	
284.7027443	13.3472584	0.014543048	
245.3557098	12.52853036	1.832819144	
241.1622629	14.16194268	2.505363713	
245.0417069	15.0763063	-0.298766774	
241.8319687	14.72808405	1.502189643	
245.7029595	13.2853622	-0.334372641	
237.855958	14.80046713	0.130155773	
244.5185814	12.46670355	2.162730508	
241.6494791	15.8525415	0.830648036	
243.322145	13.55114992	1.595554028	
243.2415067	13.50651484	0.905603732	
245.6195117	12.58125603	2.981947812	
240.1935412	14.71704831	1.44912006	
239.8112783	14.66498224	-0.275939953	
246.0853696	13.75531	-0.812901529	
241.8109821	13.80549568	-0.207595115	
242.7462523	13.5642215	-0.054582079	
244.9253711	13.87688585	0.509685696	
239.2852613	15.92186028	0.240232747	
246.5776896	14.09617984	1.227508676	
242.2590809	15.15885606	1.264610148	
248.2865577	12.42989697	0.935450895	
241.0437982	14.36155312	-1.130996413	
244.0301586	13.66903676	-0.124786441	
229.2229974	14.53817083	1.280538501	
244.1574244	17.18950141	-1.699034067	
240.8394278	14.05986591	1.496731769	
245.8643352	13.91804734	0.04799826	
245.7681315	14.82444761	-0.833363306	
243.9964403	17.14720814	-2.984329894	
240.7617708	14.36714998	-1.477899825	
283.0241041	11.41989472	1.64539444	
250.3174228	13.44182033	0.268940702	
229.8904538	14.84061497	-0.02401555	
245.9539616	12.25009845	0.116522141	
242.1320257	13.88534333	1.077163452	
240.7536436	12.64573076	2.098113282	
317.4388383	8.844647197	2.465751334	
266.9264673	12.85899541	1.319950922	
283.7056119	11.71127851	1.939196619	
263.7977248	12.49962151	0.924658775	
264.3121138	11.82020477	0.258667212	
360.715858	10.67870626	2.249064461	
259.5377441	11.70103328	1.291353697	
255.4026348	11.97813268	1.668876286	
260.1298321	12.77865673	-0.759871616	
292.0654349	10.8384838	0.109316355	
266.5965941	11.16700531	1.778119541	
255.0265689	12.43803981	0.250101394	
302.2644926	10.34648408	1.95695906	
322.6860638	9.024483626	0.22019137	
296.6830018	11.78657643	2.284596455	
320.4730139	9.959375137	6.309661148	
274.9253321	13.6536626	1.852780121	
252.9197773	12.23074363	-0.795917819	
321.7004604	10.11863012	2.846593258	
299.623803	17.69811515	8.487028981	
254.1263655	12.93213291	2.242757824	
275.2226968	11.82976386	0.201291545	
362.0776235	9.660639438	0.413235753	
301.8539831	11.97118545	0.07675021	
294.7911042	12.50036849	-0.108519294	
308.8213384	11.1473179	1.105183387	
314.1356464	11.22342506	0.576280971	
303.761457	11.72141003	1.28147187	
372.069217	10.20603755	4.830920004	
297.2789723	11.64679873	-0.143197951	
300.6843382	10.62594149	0.883760168	
388.4872243	20.84380911	4.742953822	
309.2028585	11.71111116	1.963836982	
310.800189	12.29884426	-0.803078613	
299.4968728	12.69243841	5.393451992	
302.2987355	11.83452967	0.880024963	
306.6378897	10.65401422	1.641874115	
306.5812609	12.77493425	3.465970917	
296.2938054	11.10309251	1.025019642	
350.0205615	12.08434776	-0.610211483	
297.89271	12.76696853	5.821709198	
292.785943	11.39651734	-0.796391414	
335.7623844	8.933348732	1.195943745	
355.1542919	10.4978106	4.290757502	
396.1686791	10.92545957	1.182929876	
332.5345165	9.997747163	0.63979772	
337.6563203	12.23613995	0.502372015	
362.0121387	11.04244496	3.442345381	
333.832782	9.797859011	3.400369268	
396.7867155	10.47827952	0.447061663	
315.0446407	12.57747301	1.749919034	
344.4910815	14.60709747	0.049233888	
345.3531519	10.35450341	1.444259319	
316.5590641	11.93967466	0.063568226	
494.4012587	18.14090044	5.335166165	
346.6387939	11.37365635	0.493243389	
327.9761675	13.26962553	1.148527834	
330.271349	11.65982112	0.187813901	
367.9324049	12.65140515	9.066436265	
337.3275073	11.54518792	0.270165109	
322.0704789	13.73522311	0.16262872	
339.1081875	10.88955073	1.579736143	
328.426873	11.31065347	-1.093573959	
365.6469193	11.93665251	1.234572425	
373.1042727	10.00696794	1.57452657	
380.2379979	9.836912624	-0.869368902	
372.5928054	12.82091803	0.21224175	
369.1805903	10.65464894	-0.309742467	
367.8119608	10.69426894	0.987519136	
362.6359974	10.14987638	1.325974172	
371.4548281	13.2001721	-0.805632484	
360.2000639	11.49367881	-0.452859037	
381.120269	11.21197761	2.193324523	
366.7672691	10.80176558	0.943168248	
478.1024029	10.83197104	2.409085658	
369.0413237	11.17761431	0.391037232	
375.519291	10.89383936	-0.895991217	
477.2158893	10.37959167	3.337284562	
332.4736308	9.14204001	1.150174071	
498.3614531	13.58232066	1.673421384	
368.7651122	11.07313441	2.393703256	
514.1821484	10.62691016	0.177245004	
397.4431433	10.51255063	1.254351092	
407.0074798	11.17771251	2.736923876	
442.9817433	11.7302448	2.907239888	
396.7563958	12.13702097	0.431848027	
405.5802825	12.17991155	3.896242031	
399.6663685	9.980345864	-0.752085404	
398.0087435	11.38214238	-0.501568515	
502.0826179	12.66060157	-1.77695893	
404.7196124	9.546972636	3.272753677	
400.7151242	12.19404089	-1.433812267	
402.1601776	10.33213497	-0.96558352	
515.755776	11.61403171	-0.753781488	
523.1375587	13.61214048	6.62951831	
404.0232888	10.28467265	1.223158858	
387.1022608	11.25530372	0.555573699	
388.195181	9.717424198	1.608232392	
417.9421092	10.81685516	-1.688683044	
448.1219096	10.46435121	2.237233581	
623.8030054	16.59521258	-0.290527937	
437.7057535	11.86748001	-0.8427086	
420.5359463	10.28638272	4.405141256	
430.5677886	10.37572456	-0.76329153	
407.5909976	11.22886105	1.671824898	
590.721299	10.78657806	1.787812064	
422.0028726	12.18486349	-0.730619836	
409.8155348	10.24206269	0.62480823	
405.3162309	12.12272078	0.316451759	
404.968441	9.350693999	-0.713148961	
401.1771605	10.35507129	-1.990678029	
410.0337118	8.820425508	2.609791967	
485.1221259	10.13902223	0.205064933	
481.8595358	10.56217542	1.429356289	
494.6168471	11.11176942	1.46286952	
474.7985225	12.40142858	0.793287458	
439.7580419	11.66744719	0.30840773	
459.5413857	9.931007436	-0.888257816	
467.1892593	11.7737265	0.075154276	
455.7600018	10.47166316	-0.555246152	
483.4375694	10.83067987	1.311527402	
436.650914	8.256107197	-0.485486357	
468.0727136	13.06432344	10.92160568	
433.9626963	9.891317927	1.687870565	
443.5503691	9.353243565	1.236274167	
486.2144875	12.7068007	-0.062612559	
420.7795201	13.42698064	0.95225304	
458.3962652	11.49219253	-1.458765948	
463.9372721	11.30787122	-0.927096479	
442.2413247	10.82927126	0.179428208	
523.4934506	11.94943763	-0.47146967	
441.9765376	10.88027305	0.531322123	
576.9036536	11.44321183	4.837348934	
448.0594182	11.37656645	-1.683137621	
523.4829805	11.71975926	0.732913838	
823.9434054	12.14226613	6.409310208	
441.1273633	9.345382499	-1.532169734	
446.612338	10.72605194	0.277425426	
443.7699579	11.83523713	-1.896001122	
523.7588779	10.81432103	-2.125029028	
551.6126494	10.11125194	-1.396333552	
453.299886	9.35450069	1.073819122	
503.1999794	12.00314082	-1.956098322	
503.3972088	11.68470553	-0.340626667	
497.5977216	9.574481794	-0.334445972	
521.6222898	11.4109078	-1.024701297	
490.2044213	10.16564837	-1.249051204	
700.5526399	13.0046127	0.861146211	
547.3994701	11.33772651	0.730920046	
535.6538737	11.99919383	-1.283496865	
538.3512196	9.999231898	-1.422939872	
532.9806354	12.74331026	11.10883955	
532.6660987	11.84035828	-1.435597304	
541.6596715	12.04152249	-0.616351603	
512.9241254	10.51902304	-1.931281248	
520.3871904	10.80992852	-0.611346766	
635.6266029	10.03165975	-0.867744542	
708.1760997	13.37300727	6.493762139	
502.6194933	11.21305459	-2.100188191	
541.0885668	9.749182293	-0.261835809	
560.0163902	10.40230737	-0.611215387	
189.4870413	10.16321297	-1.482524666	
192.4942569	10.73912518	0.24703776	
238.8952399	7.630690976	-0.491490844	
202.5561101	7.131554014	-1.40176529	
188.4679269	12.58698151	-2.459140898	
171.9933909	11.90951338	-2.175672603	
206.0739609	8.505437491	1.690465015	
183.5286149	10.51210648	0.593481419	
220.7805755	9.844249535	-1.556105803	
187.2105529	8.164144398	-0.213777765	
200.4269206	9.127761025	0.650391583	
184.8610366	8.019857584	-0.121304993	
176.5018088	9.836381801	0.111405074	
65.02717232	6.62692507	2.756463964	
240.0505995	12.66605049	-1.367777461	
199.8153578	10.22649656	0.106417138	
201.6461397	8.497856903	0.00448326	
192.1196117	8.165925321	-1.025381003	
202.6716033	10.11036135	0.948183353	
208.449153	7.046840373	-0.219509232	
229.7230842	9.637777413	-0.686374492	
234.2360298	8.321332107	-1.580645034	
242.7294466	22.06386578	0.54526073	
190.033945	15.08350314	-0.630970068	
195.0349991	8.707888618	-0.724965249	
188.3533803	12.63955397	-1.114573922	
195.7925477	7.455366711	0.568238214	
188.4803989	7.508590681	-1.096248191	
201.9568621	8.596383422	-0.848958758	
268.700115	5.447764314	4.800036787	
203.4119406	7.824125243	2.304443632	
195.2512017	10.26047392	1.902746413	
195.295653	9.494593368	-1.111228576	
239.1393182	11.28482555	-1.721598757	
204.2871215	9.928604456	-0.413819994	
206.3067359	8.038616398	-0.858709468	
194.0448684	9.536598806	0.215449119	
186.7575723	12.48273394	-1.314226261	
187.8323349	8.847943318	-0.570501947	
185.1302379	10.96281688	0.676145644	
200.6535181	8.72655726	-1.638546767	
217.0829029	7.221205655	1.471935079	
206.4344132	11.04126851	-2.075572285	
235.2475608	8.564014686	0.484978417	
242.1327709	3.305558895	2.547732198	
245.6555632	4.491463861	1.253166924	
235.9799008	7.946393042	0.237162923	
234.5107845	7.573618393	1.809236654	
222.2778535	11.00363679	2.020942178	
232.5067824	3.288747053	1.503722984	
239.3156315	6.85182077	1.182400994	
222.4359406	11.19537591	-2.154175536	
204.2717447	10.02831595	0.153718593	
209.3483473	8.672756527	-0.401362283	
241.1963442	6.925890365	1.085600888	
256.8348485	6.674443723	0.988986996	
239.0349683	8.287564652	1.427703689	
243.9836628	4.778104625	2.661333899	
249.0370796	6.907313076	-0.47720568	
248.0280297	6.189938365	-0.593934243	
246.0363137	2.893737265	1.354241331	
242.1611675	6.034324164	1.356974356	
283.7023152	6.753646861	4.123214424	
242.2492975	15.13487964	-0.730997446	
244.0963133	4.941455542	2.770370766	
244.5041032	3.401080195	2.753469732	
244.6970926	9.269361035	0.607413675	
245.6220995	8.183889471	0.675781289	
245.8085192	7.929250252	-0.838668422	
298.3313718	5.989316151	0.619393488	
244.6613642	9.601961588	6.890258249	
249.8612417	5.764388999	1.200739847	
240.4712059	6.785794274	1.411136972	
256.172753	4.356342618	0.827763075	
244.9865632	4.463473736	2.675420403	
226.8611911	8.959272885	-1.071619556	
246.0791503	5.576443843	2.209255405	
242.4713998	6.890261197	-1.107533804	
236.8420489	9.646329482	3.679108912	
240.2283731	6.251478203	2.187788953	
296.4627564	9.65261569	4.062406567	
262.3728724	5.283379569	1.03469757	
321.798449	6.623705497	1.730075162	
245.6244527	7.124037197	-1.194591214	
291.5880321	6.517247669	5.926009453	
296.6457171	5.408234289	-0.48005068	
251.9923126	7.136961269	0.185005887	
245.8073619	7.048429781	-1.215693407	
290.0584138	6.225246033	5.389617352	
248.2988393	7.445919913	0.98304507	
283.7465005	8.295777183	-1.525636605	
287.5584617	5.565581901	0.362540425	
242.9987643	8.264087497	0.578356294	
279.3659102	7.243943641	2.185382657	
249.6022848	6.544404248	-1.121117818	
243.9049221	10.16554196	-0.127432458	
272.865703	6.399116455	1.816877683	
259.4252046	3.724148429	-0.711911845	
265.7767347	5.604179379	1.108801136	
277.1676902	8.212871681	1.225988169	
263.9611062	4.261690627	-0.528247531	
309.4076748	3.972374123	1.973403659	
252.0862451	7.543837521	0.745172919	
304.8809179	6.665461189	3.633602523	
252.940793	7.754256541	0.11329601	
265.3901035	6.756768582	1.343804451	
290.940496	5.223700361	0.44023574	
379.0748193	8.120398649	-1.104132044	
257.9946113	7.371102721	-1.001996134	
261.0618221	5.086437176	-0.371517111	
294.2422996	4.610711491	0.878954776	
318.6005046	5.711192725	3.990068206	
280.5808891	5.160067924	-0.162199296	
301.3053743	3.819701173	2.317960359	
244.8036507	7.192369521	0.834268701	
293.7536695	7.252041971	3.402392331	
267.176033	5.954782019	1.863546231	
311.9872081	5.293932801	0.268549393	
305.8561806	6.019676831	-0.467876092	
319.6505321	2.751200118	1.724155545	
362.5510075	6.167534625	3.217061004	
294.835304	4.553722862	1.943685868	
417.5264968	4.821907687	1.210809692	
306.6326343	3.21718067	0.728246957	
290.625844	7.155231491	0.236695763	
262.6281366	5.136991705	1.324303252	
297.9068904	5.212214255	-0.48231713	
285.7030413	6.406552436	0.300565863	
297.8817233	7.894616214	-1.359898869	
293.7838667	3.533670431	0.000992436	
303.8766689	4.961455782	1.544014108	
296.3587729	7.044883425	4.803947478	
301.5466205	6.225593358	6.224676575	
268.132362	58.02758879	11.93690908	
288.2876121	7.861607478	-0.04003075	
284.7384826	4.984634642	0.885119413	
284.3795391	5.538358419	-0.118184513	
293.1658073	3.841065108	0.849828643	
386.898433	6.321595459	1.923601465	
329.9991392	6.444609232	-0.305196296	
332.738118	5.419705258	2.28362254	
323.7677335	4.270620855	-0.371344711	
348.9773144	5.356740312	-0.360864291	
340.2718013	5.319613722	-0.337408764	
438.3797236	22.38398473	5.339807757	
306.9292109	7.38331638	0.070863056	
325.1977643	6.538274872	-0.007648635	
326.4178819	4.322851035	0.985845079	
326.0351786	5.676204773	2.293228645	
334.6507434	5.264123658	0.137984999	
338.1741988	6.276025009	-0.185816969	
316.4420363	6.458660346	-0.073083959	
336.1008613	6.480395451	3.460568159	
327.1088606	6.917373345	0.393028669	
361.7603764	6.905434354	2.675581195	
315.4797427	8.480606485	-0.337794407	
294.6617582	6.639807334	0.877016065	
325.2185271	6.402679646	4.485593582	
339.2356515	3.779897476	3.111284922	
368.686696	6.534110197	-0.330595764	
404.418658	4.751297969	1.936070515	
372.5987022	6.762981964	0.959383678	
393.0996861	5.632129192	-0.406756167	
362.6165091	5.758109773	-0.592339107	
374.4533251	6.844423231	-0.428288469	
380.2989546	5.480590323	-0.108778195	
380.5552007	6.035351756	0.471965498	
364.8098178	7.293749445	1.859283193	
382.6484452	4.437003145	0.823629648	
539.5092285	7.236661617	3.145874585	
366.3481855	5.03109327	-0.894211953	
397.4502557	5.391988297	0.286669451	
372.8924626	6.249512281	-0.69112402	
402.151139	5.299545592	0.349111065	
361.2290487	7.690440937	1.206555982	
376.0450479	5.604447979	0.603109569	
371.9730619	5.218560097	1.815583375	
394.5634646	4.914338646	-0.59415929	
416.0439264	8.236161342	2.972962606	
409.2068798	5.353438906	-0.825164107	
401.981881	7.016618927	0.591137527	
398.8621685	6.697151037	-0.403365451	
373.5485164	6.536211829	0.211121248	
413.3684163	5.464937456	-0.671654327	
389.3749915	7.512891205	-0.713789122	
400.5403685	5.938717654	-1.180602151	
395.2465909	6.346856676	-1.225965606	
396.0606235	5.797039615	-1.129118549	
414.1907368	5.55339611	0.211352501	
444.5200206	5.214415309	0.354016961	
408.5308857	4.801557942	-0.387080684	
373.1429419	6.73990364	6.165599709	
399.8704049	4.467916178	1.197198175	
389.3306381	5.837162367	0.437377144	
479.7696372	3.429430545	1.901089715	
406.8282597	5.316439357	-0.614599566	
405.7191	5.063015383	-0.237467577	
471.6230404	6.0508797	-0.783118903	
448.5832323	4.361461	0.063733272	
437.6774875	5.648091134	-0.947918151	
417.8943194	3.598796433	0.252493106	
732.3616171	5.061803716	1.106141938	
688.4218302	3.276266249	-0.258969323	
669.1573515	3.596029717	0.782825309	
688.1060389	4.785874448	2.640824447	
533.0032837	3.887527748	1.696433941	
665.5451775	5.650247811	1.927693005	
575.9061213	3.618618717	0.601799414	
485.3562857	5.208013974	4.452013056	
242.8102343	53.1128446	7.82757707	
167.6743929	57.09382773	6.811440463	
181.287245	56.96267687	6.795925135	
100.3555921	69.79137995	3.913724128	
94.50162165	65.59536356	5.31328682	
242.8865928	48.89156311	6.741642739	
208.1895093	57.82629803	7.572469657	
171.6876064	53.45833485	4.124009963	
234.4602858	50.57163194	11.70352429	
233.3430731	51.68178018	7.959735239	
217.0010463	53.95995095	7.216877865	
234.6098896	51.86652075	4.458061076	
204.5954877	49.04382387	4.457702949	
238.8545571	48.0407784	6.897175515	
193.5303827	52.11547989	3.681145193	
193.5608739	60.75961884	8.373381187	
231.0299344	50.9886726	6.796310079	
205.9946697	50.08906989	8.768010679	
182.7155561	53.43967878	8.840175671	
239.7429012	52.27493654	7.090389295	
217.2342124	53.27824465	11.05998997	
175.6475161	55.88844029	5.123722642	
234.2738011	55.17262157	5.965481963	
340.3598723	33.53728994	6.47478669	
216.6118028	52.73576979	5.802919197	
204.6214015	51.59752106	5.360948845	
201.8344795	54.88012109	6.380518313	
227.3967179	53.222769	5.233940679	
200.4462821	53.37668866	-6.083773718	
216.3067924	54.22988348	8.403652982	
228.6918942	60.93673829	6.152534647	
227.5798255	54.48450521	6.855225769	
244.5276051	49.20881966	5.643846678	
194.2599031	58.9640255	4.986472652	
183.9584127	50.45365987	4.191786127	
237.1174337	51.02152627	7.861991656	
181.52237	54.58664532	5.438705865	
225.7575189	52.03894222	-6.093094131	
191.630894	53.07021552	6.361339506	
223.8893685	50.69630586	5.783587917	
215.6769912	51.35938381	6.443476577	
242.8189119	40.38629044	7.546819566	
195.0234298	53.18285901	7.808725156	
236.9096631	56.20933912	7.747046485	
233.7455542	50.49698891	3.797543122	
230.1342505	54.78014332	8.691481781	
204.1620946	51.15870855	9.266398296	
222.1470009	51.54625119	6.741526157	
212.7101007	46.52120305	4.905700039	
239.0029052	48.15045614	7.577598143	
225.5937873	56.43026899	7.324804305	
201.5881735	49.08392716	2.365743821	
215.3439575	56.63447104	5.158515137	
241.0476115	53.83308455	9.038804193	
238.3598317	52.93976182	5.812357109	
238.2788455	49.98946863	13.9867809	
228.5829365	49.31519247	12.20305649	
223.3355577	50.76227058	7.951389702	
242.8050448	52.94353605	10.8062111	
249.0478	48.82232487	9.851388115	
246.8450684	48.80402956	9.764020699	
232.6864802	49.55972049	8.21688484	
265.2940483	52.53219563	7.972701019	
264.8242982	48.92354151	7.767647811	
242.0329836	47.89027677	9.706708759	
239.3609095	52.74723527	9.278546126	
224.0570485	48.09406669	4.409812302	
265.7987566	63.22574716	14.89648988	
230.7937924	51.02377974	5.816381379	
227.5690993	60.51518416	7.826008172	
218.9566332	53.03931925	3.905634701	
233.5160962	54.02282233	4.865676243	
241.5628183	57.37215626	6.974470999	
279.4134213	50.42337012	10.84980022	
316.2005409	53.43597911	14.05272221	
261.8256004	55.84054352	9.825563074	
292.8218296	52.90899158	13.31110409	
279.3587383	54.44149065	13.86164332	
249.4705315	55.52811057	7.99245944	
299.1910427	52.37007395	14.80973701	
271.8516198	58.62821353	10.48378093	
252.7821392	52.59758993	10.24272781	
289.3901276	54.82877626	9.878070453	
245.0534996	50.61177189	7.479421474	
299.0508548	60.8646494	16.16088312	
290.8198787	51.61607351	12.5540406	
241.6541273	49.77830329	6.534399648	
268.9489215	45.64534679	11.11086595	
319.25561	55.15482203	10.62971486	
245.8445102	52.41794434	7.003173224	
247.7480004	53.06017018	6.859729012	
244.3879696	47.54454719	4.39599194	
261.9125749	51.29025097	6.840438216	
238.8217878	50.18006456	6.29942916	
269.0532807	43.56446163	6.814209151	
289.7746019	50.56996903	13.60931838	
265.9035382	49.97359578	7.795901268	
350.671378	48.99927223	14.46884322	
247.4229337	54.52710546	12.46562323	
326.0747132	51.09545822	12.63127999	
259.4770179	50.08466574	7.676115925	
315.5881427	50.41538723	11.54802167	
304.0867048	48.58974091	14.08037501	
329.5346383	52.09953127	12.73411335	
350.2438387	50.53173597	18.93223688	
340.8529328	47.99919842	17.51950933	
330.5909613	56.17941165	9.970553817	
309.4964371	50.89268817	11.78659657	
377.8382567	53.07780507	18.2562756	
304.750226	49.13283988	11.97684311	
328.2850638	49.22832827	12.07092034	
386.9505198	47.20507298	16.33727819	
285.7979988	50.30248894	11.80943381	
374.3034044	53.04204506	15.66198994	
353.2525387	49.80665488	14.23119802	
323.5786839	51.26643738	12.05128933	
300.4210015	49.28028748	16.58479577	
369.0066501	49.71879469	20.88666484	
319.4476802	50.07310552	13.62074936	
376.8716461	54.21577526	9.871590867	
341.1801683	46.20201515	14.96263043	
332.9793939	49.96631935	13.90302891	
367.3157088	56.08181614	14.41143556	
301.0882849	50.88172159	13.45487676	
307.2668834	53.76126789	35.22509848	
318.362833	52.37119931	15.99942607	
315.5846389	49.28815868	16.71093113	
375.7538061	57.73330863	20.41089927	
310.5211094	54.84159507	7.824467195	
334.0925007	52.12086727	14.847994	
377.8682764	53.80945506	20.67607538	
334.1650197	52.80565172	17.02512972	
376.2715196	50.18845194	11.35472441	
424.5440165	49.74928755	24.27961558	
390.1714437	54.48450544	17.97951799	
329.5112056	53.0704042	13.18343799	
324.129507	48.90964701	13.00275902	
347.8015601	50.16910523	18.90886709	
370.8312734	53.18145915	16.42843791	
360.0078702	51.53883454	14.97686622	
347.1121367	51.52281658	17.9041563	
339.4771791	53.00555891	15.61948647	
331.6969172	48.94794331	17.20303785	
418.1389576	49.62926666	17.76284109	
323.9723012	51.51942877	14.24979179	
391.8294191	53.09221027	18.39980308	
410.9060701	51.33702101	10.95508928	
419.746539	49.44937459	17.75840356	
337.0375225	48.51091545	12.66325189	
415.4726428	53.15069943	18.18104754	
345.6683138	51.27637094	13.14093267	
331.5546228	49.72535754	13.09850401	
417.2279733	47.59580897	18.27150005	
391.8660621	57.36535579	19.04800995	
428.4428925	44.98643253	9.933698616	
330.5667345	52.39126953	13.3655208	
444.2734116	60.95019399	11.45276535	
345.5764578	53.45862008	15.72281547	
377.7457845	51.72017913	15.11359549	
330.0587823	51.14559755	13.46644571	
405.8903791	50.03369153	14.08890639	
422.739953	49.31417201	21.24240414	
502.2633549	52.74374617	27.03994845	
410.4744651	50.07325503	14.37393787	
358.8440214	49.09395353	13.93949912	
382.4401919	50.83039866	16.51144061	
404.2584147	49.93434487	15.06241647	
424.9287136	57.30742362	21.79184299	
409.7984413	53.12454492	16.23582986	
365.8823096	53.19990079	15.2404217	
374.6465721	58.80143785	19.32499944	
346.796877	49.07152008	16.40086189	
380.4425717	59.46987912	19.12492346	
421.9486828	52.22242754	17.63776797	
417.7436337	52.90367026	18.25228392	
390.0037136	50.32501291	16.4943023	
378.1435532	50.76485634	13.54949902	
429.9174307	50.91572952	24.91331603	
522.8411807	47.00696969	27.79951053	
430.6241524	50.03835046	20.16963796	
534.1088452	50.88999153	-5.816711146	
500.502285	51.10664163	23.75967724	
393.5459356	50.51216193	20.34538404	
468.3031492	49.67193772	20.50318487	
386.7819961	49.6968052	18.89453708	
544.3133754	51.88525309	20.4923161	
413.6852389	48.85713576	18.49928917	
532.424858	52.44861619	26.04024385	
579.302476	51.65460954	22.81917946	
529.5082557	50.0418367	21.71308378	
398.6662431	50.29261533	38.69658386	
540.359816	52.53315113	5.548448833	
528.5942032	50.09868624	23.86399721	
533.4033242	51.20079688	13.69006424	
526.9612	52.43866073	22.37079322	
390.4685156	52.21068299	12.35599163	
532.7385806	54.36255685	22.8811387	
536.5162067	42.25866617	17.56876169	
652.968561	50.21036216	19.32654326	
533.9774939	56.43166362	24.81309995	
461.8635939	51.62690405	21.14084648	
473.9303276	54.18049352	22.46948703	
392.8362396	49.57625274	19.19661628	
334.859993	51.68366098	15.75410568	
358.5745946	58.2410828	17.80504152	
399.995473	50.84607334	15.44020358	
414.1265812	53.42310463	23.17311349	
422.4980432	52.69603014	18.96730669	
405.1569797	53.95523029	17.66222126	
359.0586642	53.1501185	18.67599068	
743.2315558	50.84959615	20.07544794	
369.10233	50.00759115	16.41831534	
308.8852819	48.79133475	15.6380997	
357.8092842	50.44282181	16.69081635	
377.5538349	52.91326232	20.55295949	
381.1835435	50.31699264	20.83089155	
378.7827998	49.55084949	12.17939729	
390.2228906	50.5894281	14.80036814	
470.8789849	51.98856164	16.70262238	
645.7776202	51.4237075	7.844971875	
412.8905125	53.0132333	18.2786371	
433.1602923	51.49002189	23.37960173	
426.1118307	51.2217699	21.78106347	
576.8642553	49.85126044	28.39377695	
489.0399206	51.21689461	18.01183334	
444.2548935	53.24632105	10.82226342	
457.1382433	52.63921117	25.09288682	
571.7705643	50.56870977	29.72835375	
611.3328674	54.65652263	22.87892141	
439.2455699	49.02022225	16.14954076	
468.3248669	51.51667264	25.56588333	
457.931584	53.45219508	22.00362687	
439.8117369	52.47726824	14.67493195	
504.1183163	55.31228095	30.79085293	
490.5207093	57.23312057	25.36062054	
552.9693056	56.36193076	23.26780118	
495.5304961	59.10244426	23.08854791	
554.2226998	55.84644695	20.97408042	
440.033302	56.76732234	29.51195658	
453.2930662	58.97602207	15.9838311	
443.3986482	56.851891	20.62975621	
470.9161063	56.67072807	21.97439226	
482.4423672	56.8906935	25.71505084	
547.2881431	56.52923438	34.47826563	
459.2111315	61.22107379	15.35090445	
480.9578934	56.2900408	24.84036868	
439.208137	55.14720643	21.23752633	
650	80	40	
650	81	40
650	82	40
650	83	40
650	84	40
650	85	40
650	86	40
650	87	40	
650	88	40
650	89	40
650	90	40
649	90	40
648	90	40
647	90	40
646	90	40
645	90	40
644	90	40
643	90	40
642	90	40
641	90	40
640	90	40
