92 17 0.5 0
0	0.42906	0.85481	1.274	1.6833	2.0796	2.46	2.8214	3.1612	3.4768	3.7658	4.026	4.2556	4.4528	4.6161	4.7444	4.8367
0	0.44705	0.89063	1.3273	1.7538	2.1667	2.563	2.9395	3.2935	3.6222	3.9232	4.1942	4.4333	4.6386	4.8087	4.9423	5.0384
0	0.46538	0.92716	1.3818	1.8257	2.2555	2.6679	3.0598	3.4282	3.7703	4.0836	4.3656	4.6144	4.828	5.005	5.1439	5.2439
0	0.48406	0.96438	1.4372	1.8989	2.346	2.7749	3.1825	3.5655	3.9212	4.2469	4.5402	4.7988	5.0209	5.2048	5.3493	5.4532
0	0.5031	1.0023	1.4937	1.9735	2.4381	2.8838	3.3073	3.7053	4.0749	4.4133	4.7179	4.9865	5.2172	5.4083	5.5584	5.6663
0	0.52248	1.0409	1.5512	2.0495	2.5319	2.9947	3.4344	3.8477	4.2314	4.5826	4.8988	5.1776	5.4171	5.6154	5.7711	5.8831
0	0.54221	1.0802	1.6098	2.1269	2.6274	3.1076	3.5638	3.9925	4.3906	4.7549	5.0829	5.3721	5.6204	5.826	5.9875	6.1037
0	0.56229	1.1202	1.6694	2.2056	2.7246	3.2225	3.6955	4.1399	4.5525	4.9302	5.2701	5.5698	5.8271	6.0402	6.2075	6.3279
0	0.58272	1.1609	1.73	2.2856	2.8234	3.3393	3.8293	4.2898	4.7172	5.1084	5.4604	5.7708	6.0373	6.258	6.4312	6.5559
0	0.6035	1.2023	1.7916	2.367	2.9239	3.4581	3.9655	4.4422	4.8846	5.2895	5.6539	5.9752	6.2509	6.4793	6.6586	6.7875
0	0.62463	1.2444	1.8543	2.4498	3.0261	3.5789	4.1038	4.597	5.0547	5.4736	5.8505	6.1828	6.468	6.7041	6.8895	7.0228
0	0.64611	1.2871	1.9181	2.5339	3.13	3.7016	4.2445	4.7544	5.2276	5.6606	6.0502	6.3936	6.6884	6.9324	7.124	7.2618
0	0.66793	1.3306	1.9828	2.6194	3.2355	3.8263	4.3873	4.9142	5.4032	5.8505	6.253	6.6078	6.9122	7.1642	7.3621	7.5044
0	0.69011	1.3748	2.0486	2.7063	3.3427	3.953	4.5324	5.0766	5.5815	6.0434	6.4589	6.8251	7.1394	7.3995	7.6037	7.7505
0	0.71263	1.4196	2.1154	2.7945	3.4515	4.0816	4.6797	5.2414	5.7625	6.2391	6.6679	7.0457	7.3699	7.6382	7.8489	8.0003
0	0.7355	1.4652	2.1832	2.884	3.5621	4.2121	4.8292	5.4086	5.9461	6.4377	6.8799	7.2695	7.6038	7.8804	8.0975	8.2536
0	0.75873	1.5114	2.2521	2.9749	3.6742	4.3446	4.9809	5.5784	6.1325	6.6392	7.095	7.4965	7.8409	8.126	8.3496	8.5105
0	0.7823	1.5584	2.322	3.0672	3.7881	4.4791	5.1349	5.7505	6.3215	6.8436	7.3131	7.7266	8.0814	8.3749	8.6052	8.7709
0	0.80622	1.606	2.3929	3.1608	3.9036	4.6154	5.291	5.9252	6.5132	7.0508	7.5342	7.9599	8.3251	8.6272	8.8643	9.0347
0	0.83049	1.6543	2.4649	3.2557	4.0207	4.7538	5.4494	6.1022	6.7075	7.2608	7.7583	8.1963	8.572	8.8829	9.1267	9.302
0	0.8551	1.7033	2.5379	3.352	4.1395	4.894	5.6099	6.2817	6.9045	7.4737	7.9854	8.4359	8.8222	9.1418	9.3925	9.5728
0	0.88007	1.753	2.6119	3.4497	4.2599	5.0362	5.7726	6.4636	7.1041	7.6894	8.2154	8.6785	9.0756	9.4041	9.6617	9.8469
0	0.90538	1.8034	2.6869	3.5487	4.382	5.1803	5.9375	6.6479	7.3063	7.9078	8.4484	8.9242	9.3322	9.6696	9.9342	10.124
0	0.93105	1.8545	2.763	3.649	4.5057	5.3264	6.1046	6.8346	7.5111	8.1291	8.6843	9.173	9.5919	9.9383	10.21	10.405
0	0.95706	1.9063	2.84	3.7507	4.6311	5.4743	6.2739	7.0237	7.7185	8.3531	8.9231	9.4248	9.8548	10.21	10.489	10.689
0	0.98342	1.9588	2.9181	3.8537	4.7581	5.6242	6.4453	7.2152	7.9284	8.5798	9.1648	9.6796	10.121	10.485	10.771	10.977
0	1.0101	2.012	2.9973	3.9581	4.8868	5.7759	6.6188	7.4091	8.141	8.8093	9.4094	9.9374	10.39	10.764	11.057	11.268
0	1.0372	2.0658	3.0774	4.0638	5.017	5.9296	6.7945	7.6053	8.3561	9.0415	9.6569	10.198	10.662	11.045	11.346	11.561
0	1.0646	2.1204	3.1586	4.1708	5.1489	6.0852	6.9724	7.8039	8.5737	9.2763	9.9071	10.462	10.937	11.33	11.637	11.858
0	1.0924	2.1756	3.2408	4.2792	5.2825	6.2426	7.1523	8.0048	8.7938	9.5139	10.16	10.728	11.215	11.617	11.932	12.159
0	1.1205	2.2316	3.324	4.3889	5.4176	6.402	7.3344	8.208	9.0164	9.7541	10.416	10.998	11.496	11.908	12.23	12.462
0	1.1489	2.2882	3.4083	4.5	5.5544	6.5632	7.5186	8.4136	9.2416	9.9969	10.675	11.27	11.78	12.201	12.531	12.768
0	1.1777	2.3455	3.4935	4.6123	5.6928	6.7263	7.7049	8.6214	9.4692	10.242	10.936	11.545	12.067	12.498	12.835	13.077
0	1.2069	2.4035	3.5798	4.726	5.8327	6.8912	7.8933	8.8315	9.6992	10.49	11.2	11.823	12.357	12.797	13.142	13.39
0	1.2364	2.4622	3.6671	4.841	5.9743	7.058	8.0838	9.044	9.9317	10.741	11.466	12.104	12.649	13.099	13.452	13.705
0	1.2662	2.5216	3.7554	4.9573	6.1175	7.2267	8.2763	9.2586	10.167	10.994	11.736	12.387	12.944	13.404	13.764	14.023
0	1.2964	2.5816	3.8447	5.075	6.2623	7.3972	8.4709	9.4755	10.404	11.25	12.008	12.673	13.242	13.712	14.08	14.344
0	1.327	2.6424	3.9351	5.1939	6.4087	7.5696	8.6676	9.6947	10.644	11.508	12.282	12.962	13.543	14.023	14.398	14.667
0	1.3578	2.7039	4.0264	5.3142	6.5567	7.7437	8.8663	9.916	10.886	11.769	12.559	13.253	13.847	14.336	14.719	14.994
0	1.3891	2.766	4.1188	5.4358	6.7062	7.9197	9.067	10.14	11.13	12.032	12.839	13.547	14.153	14.652	15.043	15.323
0	1.4207	2.8288	4.2121	5.5587	6.8574	8.0975	9.2697	10.365	11.377	12.297	13.121	13.844	14.461	14.97	15.369	15.655
0	1.4526	2.8923	4.3065	5.6829	7.0101	8.2772	9.4745	10.593	11.626	12.565	13.406	14.143	14.772	15.291	15.698	15.989
0	1.4849	2.9565	4.4019	5.8084	7.1643	8.4586	9.6812	10.823	11.877	12.835	13.693	14.444	15.086	15.615	16.029	16.326
0	1.5175	3.0214	4.4983	5.9352	7.3202	8.6418	9.8899	11.055	12.13	13.108	13.982	14.748	15.402	15.941	16.363	16.665
0	1.5505	3.087	4.5957	6.0633	7.4775	8.8268	10.101	11.29	12.386	13.383	14.274	15.054	15.721	16.27	16.699	17.006
0	1.5838	3.1533	4.6941	6.1927	7.6365	9.0135	10.313	11.526	12.644	13.66	14.568	15.363	16.041	16.6	17.037	17.351
0	1.6175	3.2202	4.7935	6.3234	7.797	9.202	10.528	11.764	12.904	13.939	14.864	15.674	16.365	16.933	17.378	17.697
0	1.6515	3.2878	4.8939	6.4554	7.959	9.3923	10.744	12.005	13.166	14.221	15.163	15.987	16.69	17.269	17.721	18.045
0	1.6859	3.3561	4.9953	6.5887	8.1225	9.5843	10.963	12.248	13.431	14.504	15.463	16.302	17.018	17.607	18.066	18.396
0	1.7206	3.4251	5.0977	6.7232	8.2876	9.778	11.183	12.492	13.697	14.79	15.766	16.62	17.348	17.946	18.414	18.749
0	1.7557	3.4948	5.2011	6.859	8.4542	9.9734	11.405	12.739	13.965	15.078	16.071	16.94	17.68	18.288	18.763	19.104
0	1.7911	3.5652	5.3055	6.9961	8.6223	10.171	11.629	12.987	14.236	15.369	16.379	17.261	18.014	18.632	19.115	19.461
0	1.8269	3.6362	5.4109	7.1345	8.7919	10.369	11.855	13.238	14.509	15.661	16.688	17.585	18.35	18.978	19.468	19.819
0	1.863	3.7079	5.5172	7.2741	8.963	10.57	12.082	13.49	14.783	15.955	16.999	17.911	18.688	19.326	19.824	20.18
0	1.8995	3.7804	5.6246	7.415	9.1356	10.772	12.312	13.744	15.06	16.251	17.312	18.239	19.027	19.675	20.181	20.543
0	1.9363	3.8534	5.7329	7.5571	9.3097	10.976	12.543	14	15.338	16.549	17.627	18.568	19.369	20.027	20.54	20.907
0	1.9734	3.9272	5.8423	7.7005	9.4853	11.182	12.776	14.258	15.618	16.849	17.944	18.9	19.713	20.38	20.9	21.273
0	2.0109	4.0017	5.9526	7.8452	9.6623	11.389	13.011	14.518	15.9	17.151	18.263	19.233	20.058	20.735	21.263	21.64
0	2.0488	4.0768	6.0639	7.9911	9.8408	11.597	13.248	14.78	16.184	17.454	18.584	19.568	20.405	21.091	21.626	22.009
0	2.087	4.1526	6.1762	8.1382	10.021	11.808	13.486	15.043	16.47	17.76	18.906	19.905	20.753	21.449	21.992	22.38
0	2.1255	4.2291	6.2894	8.2865	10.202	12.02	13.726	15.308	16.758	18.067	19.23	20.243	21.104	21.809	22.359	22.752
0	2.1644	4.3062	6.4037	8.4361	10.385	12.233	13.967	15.575	17.047	18.376	19.556	20.583	21.455	22.17	22.727	23.125
0	2.2036	4.3841	6.5189	8.5869	10.569	12.448	14.211	15.844	17.338	18.686	19.883	20.924	21.808	22.532	23.096	23.499
0	2.2432	4.4626	6.635	8.739	10.755	12.665	14.455	16.114	17.63	18.998	20.212	21.267	22.163	22.896	23.467	23.875
0	2.2831	4.5418	6.7522	8.8922	10.942	12.883	14.702	16.386	17.925	19.312	20.542	21.612	22.518	23.261	23.839	24.252
0	2.3234	4.6216	6.8703	9.0467	11.13	13.103	14.95	16.659	18.22	19.627	20.874	21.957	22.875	23.627	24.212	24.629
0	2.364	4.7022	6.9894	9.2023	11.32	13.324	15.2	16.934	18.518	19.944	21.207	22.304	23.234	23.994	24.586	25.008
0	2.405	4.7834	7.1094	9.3592	11.511	13.547	15.451	17.211	18.817	20.262	21.541	22.652	23.593	24.363	24.961	25.388
0	2.4463	4.8652	7.2304	9.5172	11.704	13.771	15.704	17.489	19.117	20.581	21.877	23.002	23.953	24.732	25.337	25.768
0	2.488	4.9478	7.3523	9.6765	11.898	13.997	15.958	17.768	19.419	20.902	22.214	23.352	24.315	25.102	25.713	26.149
0	2.53	5.031	7.4752	9.8369	12.093	14.224	16.214	18.049	19.722	21.224	22.552	23.704	24.677	25.473	26.091	26.531
0	2.5723	5.1149	7.5991	9.9985	12.29	14.452	16.471	18.332	20.026	21.548	22.892	24.056	25.041	25.845	26.469	26.914
0	2.615	5.1994	7.7239	10.161	12.488	14.682	16.729	18.616	20.332	21.872	23.232	24.41	25.405	26.217	26.847	27.297
0	2.6581	5.2847	7.8496	10.325	12.687	14.914	16.989	18.901	20.639	22.198	23.573	24.764	25.77	26.59	27.227	27.681
0	2.7015	5.3706	7.9763	10.49	12.887	15.146	17.251	19.187	20.947	22.525	23.916	25.119	26.135	26.964	27.606	28.064
0	2.7452	5.4571	8.1039	10.656	13.089	15.38	17.513	19.475	21.257	22.853	24.259	25.475	26.501	27.338	27.987	28.449
0	2.7893	5.5443	8.2325	10.824	13.292	15.616	17.777	19.764	21.568	23.182	24.603	25.832	26.868	27.713	28.367	28.833
0	2.8337	5.6322	8.362	10.992	13.496	15.852	18.043	20.055	21.879	23.512	24.948	26.19	27.235	28.088	28.748	29.218
0	2.8785	5.7208	8.4924	11.162	13.702	16.09	18.309	20.346	22.192	23.842	25.294	26.548	27.603	28.463	29.129	29.603
0	2.9236	5.81	8.6237	11.333	13.909	16.33	18.577	20.639	22.506	24.174	25.641	26.906	27.971	28.838	29.51	29.988
0	2.969	5.8998	8.756	11.504	14.117	16.57	18.846	20.933	22.821	24.507	25.988	27.265	28.34	29.214	29.891	30.373
0	3.0148	5.9903	8.8891	11.677	14.326	16.812	19.117	21.228	23.137	24.84	26.336	27.624	28.708	29.59	30.272	30.757
0	3.061	6.0815	9.0232	11.851	14.537	17.055	19.388	21.524	23.454	25.174	26.684	27.984	29.077	29.966	30.653	31.142
0	3.1075	6.1734	9.1582	12.027	14.748	17.299	19.661	21.821	23.771	25.509	27.033	28.344	29.446	30.342	31.034	31.526
0	3.1543	6.2659	9.2942	12.203	14.961	17.544	19.934	22.119	24.09	25.844	27.382	28.705	29.815	30.717	31.415	31.91
0	3.2015	6.359	9.431	12.38	15.175	17.791	20.209	22.417	24.409	26.18	27.732	29.065	30.184	31.093	31.795	32.294
0	3.249	6.4528	9.5687	12.559	15.39	18.038	20.485	22.717	24.729	26.517	28.081	29.426	30.553	31.469	32.175	32.677
0	3.2969	6.5473	9.7073	12.738	15.606	18.287	20.762	23.018	25.049	26.854	28.432	29.787	30.922	31.844	32.555	33.06
0	3.3451	6.6424	9.8468	12.918	15.824	18.537	21.04	23.32	25.371	27.191	28.782	30.147	31.291	32.219	32.934	33.442
0	3.3936	6.7381	9.9872	13.1	16.042	18.788	21.318	23.622	25.692	27.529	29.133	30.508	31.66	32.593	33.313	33.824
0	3.4425	6.8345	10.128	13.282	16.262	19.04	21.598	23.925	26.015	27.867	29.483	30.869	32.028	32.967	33.691	34.205
0	3.4918	6.9316	10.271	13.466	16.482	19.293	21.879	24.229	26.338	28.205	29.834	31.229	32.396	33.34	34.069	34.585
