92 17
0	0.428	0.8527	1.2708	1.6791	2.0745	2.4539	2.8145	3.1534	3.4682	3.7565	4.0161	4.2451	4.4418	4.6047	4.7327	4.8248
0	0.43897	0.87456	1.3034	1.7222	2.1276	2.5168	2.8865	3.2341	3.557	3.8526	4.1188	4.3536	4.5552	4.7223	4.8535	4.9479
0	0.44995	0.89642	1.336	1.7652	2.1808	2.5796	2.9586	3.3148	3.6456	3.9486	4.2214	4.462	4.6686	4.8398	4.9742	5.071
0	0.46092	0.91828	1.3685	1.8082	2.2339	2.6424	3.0306	3.3955	3.7343	4.0446	4.3239	4.5703	4.782	4.9573	5.0949	5.194
0	0.4719	0.94014	1.4011	1.8512	2.2871	2.7052	3.1026	3.4761	3.823	4.1405	4.4265	4.6787	4.8953	5.0747	5.2156	5.3169
0	0.48287	0.962	1.4337	1.8943	2.3402	2.7681	3.1746	3.5568	3.9116	4.2365	4.529	4.787	5.0085	5.1921	5.3362	5.4399
0	0.49384	0.98386	1.4662	1.9373	2.3933	2.8309	3.2466	3.6374	4.0002	4.3324	4.6315	4.8953	5.1218	5.3094	5.4567	5.5627
0	0.50482	1.0057	1.4988	1.9803	2.4464	2.8937	3.3186	3.718	4.0888	4.4283	4.734	5.0035	5.235	5.4267	5.5772	5.6855
0	0.51579	1.0276	1.5314	2.0233	2.4996	2.9565	3.3906	3.7986	4.1774	4.5242	4.8364	5.1117	5.3481	5.5439	5.6977	5.8083
0	0.52676	1.0494	1.5639	2.0663	2.5527	3.0193	3.4625	3.8791	4.2659	4.62	4.9388	5.2199	5.4612	5.6611	5.8181	5.931
0	0.53774	1.0713	1.5965	2.1093	2.6058	3.082	3.5345	3.9597	4.3545	4.7158	5.0411	5.328	5.5743	5.7783	5.9384	6.0537
0	0.54871	1.0931	1.6291	2.1523	2.6589	3.1448	3.6064	4.0403	4.443	4.8116	5.1435	5.4361	5.6873	5.8954	6.0587	6.1763
0	0.55969	1.115	1.6616	2.1953	2.712	3.2076	3.6784	4.1208	4.5315	4.9074	5.2458	5.5441	5.8003	6.0124	6.179	6.2988
0	0.57066	1.1369	1.6942	2.2383	2.7651	3.2703	3.7503	4.2013	4.6199	5.0031	5.3481	5.6521	5.9132	6.1294	6.2992	6.4213
0	0.58163	1.1587	1.7268	2.2813	2.8182	3.3331	3.8222	4.2818	4.7084	5.0989	5.4503	5.7601	6.0261	6.2464	6.4193	6.5437
0	0.59261	1.1806	1.7593	2.3243	2.8712	3.3958	3.8941	4.3623	4.7968	5.1945	5.5525	5.868	6.139	6.3633	6.5394	6.6661
0	0.60358	1.2024	1.7919	2.3673	2.9243	3.4586	3.966	4.4427	4.8852	5.2902	5.6546	5.9759	6.2517	6.4801	6.6594	6.7884
0	0.61455	1.2243	1.8244	2.4103	2.9774	3.5213	4.0379	4.5232	4.9736	5.3858	5.7568	6.0838	6.3645	6.5969	6.7794	6.9106
0	0.62553	1.2461	1.857	2.4533	3.0305	3.584	4.1097	4.6036	5.062	5.4814	5.8589	6.1916	6.4772	6.7136	6.8993	7.0328
0	0.6365	1.268	1.8895	2.4963	3.0835	3.6467	4.1816	4.684	5.1503	5.577	5.9609	6.2993	6.5898	6.8303	7.0191	7.1549
0	0.64747	1.2899	1.9221	2.5393	3.1366	3.7094	4.2534	4.7644	5.2386	5.6725	6.0629	6.4071	6.7024	6.9469	7.1389	7.277
0	0.65845	1.3117	1.9547	2.5823	3.1896	3.7721	4.3252	4.8448	5.3269	5.768	6.1649	6.5147	6.815	7.0635	7.2586	7.399
0	0.66942	1.3336	1.9872	2.6252	3.2427	3.8348	4.397	4.9251	5.4152	5.8635	6.2668	6.6223	6.9275	7.18	7.3783	7.5209
0	0.68039	1.3554	2.0198	2.6682	3.2957	3.8975	4.4688	5.0055	5.5034	5.9589	6.3687	6.7299	7.0399	7.2965	7.4979	7.6427
0	0.69136	1.3773	2.0523	2.7112	3.3488	3.9601	4.5406	5.0858	5.5916	6.0543	6.4706	6.8375	7.1523	7.4128	7.6174	7.7645
0	0.70234	1.3991	2.0849	2.7542	3.4018	4.0228	4.6124	5.1661	5.6798	6.1497	6.5724	6.9449	7.2646	7.5292	7.7369	7.8862
0	0.71331	1.421	2.1174	2.7971	3.4548	4.0854	4.6841	5.2463	5.7679	6.245	6.6742	7.0524	7.3769	7.6454	7.8562	8.0078
0	0.72428	1.4428	2.1499	2.8401	3.5078	4.1481	4.7558	5.3266	5.856	6.3403	6.7759	7.1597	7.4891	7.7616	7.9756	8.1294
0	0.73526	1.4647	2.1825	2.883	3.5609	4.2107	4.8276	5.4068	5.9441	6.4356	6.8776	7.2671	7.6012	7.8778	8.0948	8.2509
0	0.74623	1.4865	2.215	2.926	3.6139	4.2733	4.8993	5.487	6.0322	6.5308	6.9793	7.3743	7.7133	7.9938	8.214	8.3723
0	0.7572	1.5084	2.2476	2.969	3.6669	4.3359	4.971	5.5672	6.1203	6.626	7.0809	7.4816	7.8254	8.1098	8.3331	8.4936
0	0.76817	1.5302	2.2801	3.0119	3.7199	4.3985	5.0426	5.6474	6.2083	6.7212	7.1824	7.5887	7.9373	8.2258	8.4521	8.6149
0	0.77915	1.5521	2.3127	3.0548	3.7729	4.4611	5.1143	5.7275	6.2962	6.8163	7.2839	7.6959	8.0492	8.3416	8.5711	8.7361
0	0.79012	1.5739	2.3452	3.0978	3.8258	4.5237	5.1859	5.8077	6.3842	6.9114	7.3854	7.8029	8.1611	8.4575	8.69	8.8572
0	0.80109	1.5958	2.3777	3.1407	3.8788	4.5862	5.2576	5.8878	6.4721	7.0064	7.4868	7.9099	8.2729	8.5732	8.8088	8.9782
0	0.81206	1.6176	2.4103	3.1837	3.9318	4.6488	5.3292	5.9678	6.56	7.1014	7.5882	8.0169	8.3846	8.6888	8.9276	9.0992
0	0.82304	1.6395	2.4428	3.2266	3.9847	4.7113	5.4008	6.0479	6.6479	7.1964	7.6895	8.1238	8.4963	8.8044	9.0462	9.22
0	0.83401	1.6613	2.4753	3.2695	4.0377	4.7738	5.4723	6.1279	6.7357	7.2913	7.7908	8.2306	8.6079	8.9199	9.1648	9.3408
0	0.84498	1.6832	2.5078	3.3125	4.0906	4.8364	5.5439	6.2079	6.8235	7.3862	7.892	8.3374	8.7194	9.0354	9.2833	9.4615
0	0.85595	1.705	2.5404	3.3554	4.1436	4.8989	5.6154	6.2879	6.9113	7.481	7.9932	8.4442	8.8309	9.1508	9.4017	9.5821
0	0.86692	1.7269	2.5729	3.3983	4.1965	4.9614	5.687	6.3678	6.999	7.5758	8.0943	8.5508	8.9423	9.2661	9.5201	9.7027
0	0.8779	1.7487	2.6054	3.4412	4.2494	5.0238	5.7585	6.4478	7.0867	7.6706	8.1954	8.6574	9.0536	9.3813	9.6383	9.8231
0	0.88887	1.7706	2.6379	3.4841	4.3024	5.0863	5.83	6.5277	7.1744	7.7653	8.2964	8.764	9.1649	9.4964	9.7565	9.9434
0	0.89984	1.7924	2.6705	3.527	4.3553	5.1488	5.9014	6.6076	7.262	7.86	8.3974	8.8705	9.2761	9.6115	9.8746	10.064
0	0.91081	1.8142	2.703	3.5699	4.4082	5.2112	5.9729	6.6874	7.3496	7.9546	8.4983	8.9769	9.3872	9.7265	9.9926	10.184
0	0.92178	1.8361	2.7355	3.6128	4.4611	5.2737	6.0443	6.7673	7.4372	8.0492	8.5992	9.0833	9.4982	9.8414	10.111	10.304
0	0.93276	1.8579	2.768	3.6557	4.514	5.3361	6.1157	6.8471	7.5247	8.1438	8.7	9.1896	9.6092	9.9562	10.228	10.424
0	0.94373	1.8798	2.8005	3.6986	4.5669	5.3985	6.1871	6.9268	7.6122	8.2383	8.8008	9.2958	9.7201	10.071	10.346	10.544
0	0.9547	1.9016	2.833	3.7415	4.6197	5.4609	6.2585	7.0066	7.6996	8.3327	8.9015	9.402	9.8309	10.186	10.464	10.664
0	0.96567	1.9235	2.8656	3.7844	4.6726	5.5233	6.3299	7.0863	7.7871	8.4271	9.0021	9.5081	9.9417	10.3	10.581	10.783
0	0.97664	1.9453	2.8981	3.8272	4.7255	5.5856	6.4012	7.166	7.8744	8.5215	9.1027	9.6141	10.052	10.415	10.699	10.903
0	0.98761	1.9671	2.9306	3.8701	4.7783	5.648	6.4725	7.2457	7.9618	8.6158	9.2032	9.7201	10.163	10.529	10.816	11.023
0	0.99858	1.989	2.9631	3.913	4.8311	5.7103	6.5438	7.3253	8.0491	8.7101	9.3037	9.826	10.274	10.643	10.934	11.142
0	1.0096	2.0108	2.9956	3.9559	4.884	5.7727	6.6151	7.4049	8.1364	8.8043	9.4041	9.9318	10.384	10.758	11.051	11.261
0	1.0205	2.0326	3.0281	3.9987	4.9368	5.835	6.6863	7.4845	8.2236	8.8985	9.5045	10.038	10.494	10.872	11.168	11.381
0	1.0315	2.0545	3.0606	4.0416	4.9896	5.8973	6.7576	7.564	8.3108	8.9926	9.6048	10.143	10.605	10.986	11.285	11.5
0	1.0425	2.0763	3.0931	4.0844	5.0424	5.9596	6.8288	7.6436	8.398	9.0867	9.7051	10.249	10.715	11.1	11.402	11.619
0	1.0534	2.0982	3.1256	4.1273	5.0952	6.0218	6.9	7.723	8.4851	9.1807	9.8052	10.354	10.825	11.214	11.519	11.738
0	1.0644	2.12	3.1581	4.1701	5.148	6.0841	6.9711	7.8025	8.5722	9.2747	9.9054	10.46	10.935	11.328	11.635	11.856
0	1.0754	2.1418	3.1905	4.2129	5.2008	6.1463	7.0423	7.8819	8.6592	9.3686	10.005	10.565	11.045	11.441	11.752	11.975
0	1.0864	2.1637	3.223	4.2558	5.2536	6.2086	7.1134	7.9613	8.7462	9.4625	10.105	10.671	11.155	11.555	11.869	12.094
0	1.0973	2.1855	3.2555	4.2986	5.3063	6.2708	7.1845	8.0407	8.8332	9.5563	10.205	10.776	11.265	11.668	11.985	12.212
0	1.1083	2.2073	3.288	4.3414	5.3591	6.333	7.2556	8.1201	8.9201	9.6501	10.305	10.881	11.374	11.782	12.101	12.331
0	1.1193	2.2292	3.3205	4.3842	5.4118	6.3952	7.3267	8.1994	9.007	9.7438	10.405	10.986	11.484	11.895	12.218	12.449
0	1.1302	2.251	3.353	4.4271	5.4646	6.4574	7.3977	8.2786	9.0938	9.8375	10.505	11.091	11.594	12.009	12.334	12.567
0	1.1412	2.2728	3.3854	4.4699	5.5173	6.5195	7.4687	8.3579	9.1806	9.9311	10.605	11.196	11.703	12.122	12.45	12.685
0	1.1522	2.2947	3.4179	4.5127	5.57	6.5816	7.5397	8.4371	9.2673	10.025	10.704	11.301	11.812	12.235	12.566	12.803
0	1.1631	2.3165	3.4504	4.5555	5.6227	6.6438	7.6107	8.5163	9.3541	10.118	10.804	11.406	11.922	12.348	12.681	12.921
0	1.1741	2.3383	3.4829	4.5983	5.6754	6.7059	7.6816	8.5954	9.4407	10.212	10.903	11.511	12.031	12.461	12.797	13.039
0	1.1851	2.3602	3.5153	4.641	5.7281	6.768	7.7526	8.6745	9.5273	10.305	11.003	11.616	12.14	12.573	12.913	13.156
0	1.1961	2.382	3.5478	4.6838	5.7808	6.8301	7.8235	8.7536	9.6139	10.398	11.102	11.72	12.249	12.686	13.028	13.274
0	1.207	2.4038	3.5803	4.7266	5.8335	6.8921	7.8943	8.8327	9.7004	10.492	11.201	11.825	12.358	12.799	13.144	13.391
0	1.218	2.4256	3.6127	4.7694	5.8861	6.9542	7.9652	8.9117	9.7869	10.585	11.3	11.929	12.467	12.911	13.259	13.509
0	1.229	2.4475	3.6452	4.8121	5.9388	7.0162	8.036	8.9907	9.8734	10.678	11.4	12.033	12.576	13.023	13.374	13.626
0	1.2399	2.4693	3.6776	4.8549	5.9914	7.0782	8.1068	9.0696	9.9598	10.771	11.499	12.138	12.684	13.136	13.489	13.743
0	1.2509	2.4911	3.7101	4.8977	6.0441	7.1402	8.1776	9.1485	10.046	10.864	11.598	12.242	12.793	13.248	13.604	13.86
0	1.2619	2.5129	3.7425	4.9404	6.0967	7.2022	8.2483	9.2274	10.132	10.957	11.697	12.346	12.901	13.36	13.719	13.977
0	1.2728	2.5348	3.775	4.9832	6.1493	7.2641	8.3191	9.3062	10.219	11.05	11.796	12.45	13.01	13.472	13.834	14.093
0	1.2838	2.5566	3.8074	5.0259	6.2019	7.3261	8.3898	9.385	10.305	11.143	11.894	12.554	13.118	13.584	13.948	14.21
0	1.2948	2.5784	3.8399	5.0686	6.2545	7.388	8.4604	9.4638	10.391	11.236	11.993	12.658	13.226	13.695	14.063	14.326
0	1.3057	2.6002	3.8723	5.1114	6.3071	7.4499	8.5311	9.5425	10.477	11.329	12.092	12.762	13.334	13.807	14.177	14.443
0	1.3167	2.622	3.9048	5.1541	6.3596	7.5118	8.6017	9.6212	10.563	11.421	12.19	12.865	13.442	13.919	14.291	14.559
0	1.3277	2.6439	3.9372	5.1968	6.4122	7.5737	8.6723	9.6999	10.649	11.514	12.289	12.969	13.55	14.03	14.406	14.675
0	1.3387	2.6657	3.9696	5.2395	6.4647	7.6355	8.7429	9.7785	10.735	11.607	12.387	13.072	13.658	14.141	14.52	14.791
0	1.3496	2.6875	4.0021	5.2822	6.5173	7.6974	8.8134	9.8571	10.821	11.699	12.486	13.176	13.766	14.253	14.634	14.907
0	1.3606	2.7093	4.0345	5.3249	6.5698	7.7592	8.8839	9.9357	10.907	11.792	12.584	13.279	13.873	14.364	14.747	15.023
0	1.3716	2.7311	4.0669	5.3676	6.6223	7.821	8.9544	10.014	10.993	11.884	12.682	13.382	13.981	14.475	14.861	15.138
0	1.3825	2.7529	4.0994	5.4103	6.6748	7.8828	9.0249	10.093	11.079	11.976	12.78	13.486	14.088	14.586	14.975	15.254
0	1.3935	2.7748	4.1318	5.453	6.7273	7.9446	9.0953	10.171	11.164	12.069	12.878	13.589	14.196	14.696	15.088	15.369
0	1.4045	2.7966	4.1642	5.4956	6.7798	8.0063	9.1657	10.249	11.25	12.161	12.976	13.692	14.303	14.807	15.201	15.484
0	1.4154	2.8184	4.1966	5.5383	6.8323	8.068	9.2361	10.328	11.336	12.253	13.074	13.794	14.41	14.917	15.315	15.6
0	1.4264	2.8402	4.229	5.581	6.8847	8.1297	9.3064	10.406	11.421	12.345	13.172	13.897	14.517	15.028	15.428	15.715
