92 17
0	0.0164058233211028	0.171670032372233	0.597008061257104	1.14937805763901	1.70169012845636	2.16164782750869	2.61917418377877	3.05670976384607	3.47492587702960	3.89532444157375	4.26700448869666	4.60817891640949	4.89043416697368	5.12520768681289	5.30502885513649	5.50973933048943
0	0.0185850568096383	0.183912245800241	0.622719921876233	1.18237122234360	1.74038134339468	2.20238677649949	2.66444374727027	3.10781112374392	3.53320539239437	3.96357548771323	4.34459495450438	4.69570236557839	4.98657201381442	5.22941105234850	5.41624610944759	5.63229094190426
0	0.0221618511395818	0.203282060843192	0.662738342455386	1.23376685865940	1.80080380615611	2.26682548784079	2.73631052153305	3.18889396126865	3.62535437305709	4.07062908788661	4.46568456783240	4.83164362904500	5.13555301192090	5.39067755096859	5.58835302650191	5.82117490046305
0	0.0265349013563119	0.225782209751478	0.708145570980990	1.29198482807102	1.86943388883689	2.34077938862861	2.81906375872909	3.28226792000224	3.73123367711601	4.19292388405674	4.60351003150591	4.98583062643584	5.30425579620776	5.57312780528348	5.78307868680184	6.03422314261496
0	0.0313550151640161	0.249080575695000	0.753820086650835	1.35018766164351	1.93819172668102	2.41502980085088	2.90228226363066	3.37627590271243	3.83791576142262	4.31619021674566	4.74247578796928	5.14132667288763	5.47443638582665	5.75722462120148	5.97961966497596	6.24925541875182
0	0.0365234527277545	0.272706506771756	0.798975495432400	1.40744103449094	2.00598210950852	2.48831275805651	2.98453331351560	3.46931643040599	3.94363039071261	4.43848909441794	4.88047408941602	5.29585526432279	5.64364952042892	5.94035398210286	6.17519318813346	6.46332023987204
0	0.0420282585394630	0.296577230019854	0.843551001562477	1.46373834604088	2.07280503731940	2.56062826024552	3.06581690838391	3.56138950308293	4.04837756498598	4.55982051707360	5.01750493584613	5.44941640074133	5.81189520001456	6.12251588798760	6.36979925627433	6.67641760597564
0	0.0478197878552286	0.320559252064111	0.887473867660334	1.51907413704175	2.13866051011365	2.63197630741790	3.14613304823560	3.65249512074324	4.15215728424271	4.68018448471264	5.15356832725962	5.60201008214324	5.97917342458358	6.30371033885573	6.56343786939858	6.88854751706261
0	0.0538680145980513	0.344569946839066	0.930700129799411	1.57344548551667	2.20354852789127	2.70235689957366	3.22548173307065	3.74263328338692	4.25496954848282	4.79958099733504	5.28866426365648	5.75363630852852	6.14548419413597	6.48393733470722	6.75610902750620	7.09970997313296
0	0.0601252303620785	0.368503706301770	0.973180510477548	1.62685046649644	2.26746909065227	2.77177003671279	3.30386296288908	3.83180399101397	4.35681435770630	4.91801005494082	5.42279274503671	5.90429507989717	6.31082750867172	6.66319687554209	6.94781273059719	7.30990497418667
0	0.0665637198286699	0.392296280161301	1.01488507769853	1.67928841760612	2.33042219839663	2.84021571883529	3.38127673769088	3.92000724362440	4.45769171191315	5.03547165752996	5.55595377140032	6.05398639624920	6.47520336819085	6.84148896136033	7.13854897867155	7.51913252022376
0	0.0731344204892901	0.415865300491080	1.05578239978287	1.73075900426145	2.39240785112437	2.90769394594116	3.45772305747606	4.00724304121820	4.55760161110337	5.15196580510249	5.68814734274729	6.20271025758460	6.63861177269336	7.01881359216194	7.32831777172929	7.72739261124423
0	0.0797812983186019	0.439125208576462	1.09584311449244	1.78126213637355	2.45342604883549	2.97420471803040	3.53320192224461	4.09351138379537	4.65654405527697	5.26749249765838	5.81937345907764	6.35046666390337	6.80105272217924	7.19517076794692	7.51711910977040	7.93468524724806
0	0.0864817023157777	0.462030888429620	1.13504940624595	1.83079781346902	2.51347679152997	3.03974803510302	3.60771333199653	4.17881227135592	4.75451904443394	5.38205173519765	5.94963212039136	6.49725561520551	6.96252621664848	7.37056048871528	7.70495299279488	8.14101042823527
0	0.0932277403177275	0.484560296420383	1.17339138113607	1.87936603554787	2.57256007920783	3.10432389715901	3.68125728673182	4.26314570389983	4.85152657857428	5.49564351772029	6.07892332668846	6.64307711149103	7.12303225610111	7.54498275446701	7.89181942080273	8.34636815420585
0	0.0999560533595367	0.506642741696849	1.21085158832889	1.92696680261008	2.63067591186906	3.16793230419837	3.75383378645048	4.34651168142712	4.94756665769799	5.60826784522630	6.20724707796893	6.78793115275992	7.28257084053710	7.71843756520211	8.07771839379396	8.55075842515980
0	0.106581438562528	0.528181361270668	1.24740585537907	1.97360011465567	2.68782428951366	3.23057325622110	3.82544283115252	4.42891020393779	5.04263928180508	5.71992471771568	6.33460337423277	6.93181773901218	7.44114196995647	7.89092492092059	8.26264991176855	8.75418124109712
0	0.113088281471402	0.549148092343563	1.28304455945615	2.01926597168463	2.74400521214164	3.29224675322721	3.89608442083793	4.51034127143182	5.13674445089554	5.83061413518844	6.46099221547998	7.07473687024781	7.59874564435921	8.06244482162243	8.44661397472652	8.95663660201782
0	0.119527970849358	0.569588025850728	1.31777556648331	2.06396437369697	2.79921867975298	3.35295279521669	3.96575855550672	4.59080488390923	5.22988216496937	5.94033609764457	6.58641360171057	7.21668854646682	7.75538186374532	8.23299726730765	8.62961058266787	9.15812450792189
0	0.125893675070218	0.589494701726388	1.35159759624772	2.10769532069268	2.85346469234771	3.41269138218954	4.03446523515887	4.67030104137001	5.32205242402658	6.04909060508407	6.71086753292452	7.35767276766920	7.91105062811481	8.40258225797625	8.81163973559258	9.35864495880933
0	0.132093980991154	0.608781850043421	1.38449360470433	2.15045881267175	2.90674324992580	3.47146251414577	4.10220445979440	4.74882974381416	5.41325522806716	6.15687765750695	6.83435400912185	7.49768953385495	8.06575193746766	8.57119979362821	8.99270143350067	9.55819795468015
0	0.138038295854008	0.627363975101728	1.41644670076939	2.19225484963421	2.95905435248726	3.52926619108537	4.16897622941330	4.82639099124169	5.50349057709111	6.26369725491320	6.95687303030256	7.63673884502408	8.21948579180389	8.73884987426355	9.17279567639213	9.75678349553433
0	0.143687467817782	0.645204100064403	1.44744957248906	2.23308343158003	3.01039800003210	3.58610241300834	4.23478054401557	4.90298478365259	5.59275847109843	6.36954939730282	7.07842459646663	7.77482070117657	8.37225219112349	8.90553249988226	9.35192246426697	9.95440158137190
0	0.149054414732229	0.662312619167057	1.47750384891633	2.27294455850923	3.06077419256031	3.64197117991468	4.29961740360122	4.97861112104685	5.68105891008912	6.47443408467581	7.19900870761408	7.91193510231244	8.52405113542647	9.07124767048434	9.53008179712517	10.1510522121928
0	0.154180617889205	0.678723616641666	1.50661506776869	2.31183823042180	3.11018293007189	3.69687249180439	4.36348680817024	5.05327000342450	5.76839189406319	6.57835131703217	7.31862536374490	8.04808204843168	8.67488262471282	9.23599538606979	9.70727367496675	10.3467353879971
0	0.159106054937453	0.694469941210932	1.53478856602855	2.34976444731774	3.15862421256685	3.75080634867748	4.42638875772263	5.12696143078551	5.85475742302063	6.68130109437191	7.43727456485909	8.18326153953430	8.82474665898254	9.39977564663862	9.88349809779171	10.5414511087848
0	0.163827574478504	0.709549003442568	1.56202392298686	2.38672320919706	3.20609804004518	3.80377275053394	4.48832325225839	5.19968540312990	5.94015549696144	6.78328341669502	7.55495631095666	8.31747357562029	8.97364323823563	9.56258845219082	10.0587550656000	10.7351993745559
0	0.168290787561042	0.723916113175044	1.58831387776448	2.42271451605974	3.25260441250688	3.85577169737377	4.54929029177752	5.27144192045766	6.02458611588563	6.88429828400150	7.67167060203759	8.45071815668965	9.12157236247209	9.72443380272639	10.2330445783917	10.9279801853103
0	0.172440861383557	0.737526215545243	1.61365111022865	2.45773836790580	3.29814332995195	3.90680318919698	4.60928987628003	5.34223098276880	6.10804927979319	6.98434569629136	7.78741743810191	8.58299528274238	9.26853403169193	9.88531169824534	10.4063666361668	11.1197935410481
0	0.176251617291119	0.750357800149137	1.63803212555099	2.49179476473524	3.34271479238040	3.95686722600356	4.66832200576591	5.41205259006330	6.19054498868412	7.08342565356459	7.90219681914959	8.71430495377848	9.41452824589514	10.0452221387477	10.5787212389252	11.3106394417692
0	0.179721461710253	0.762409557583727	1.66145671099081	2.52488370654804	3.38631879979222	4.00596380779351	4.72638668023517	5.48090674234118	6.27207324255842	7.18153815582119	8.01600874518064	8.84464716979796	9.55955500508172	10.2041651242333	10.7501083866670	11.5005178874738
0	0.182850394640959	0.773681487849013	1.68392486654809	2.55700519334422	3.42895535218741	4.05409293456683	4.78348389968779	5.54879343960243	6.35263404141610	7.27868320306116	8.12885321619507	8.97402193080081	9.70361430925168	10.3621406547024	10.9205280793922	11.6894288781617
0	0.185638416083237	0.784173590944994	1.70543659222283	2.58815922512377	3.47062444956597	4.10125460632353	4.83961366412379	5.61571268184705	6.43222738525714	7.37486079528451	8.24073023219287	9.10242923678703	9.84670615840501	10.5191487301548	11.0899803171008	11.8773724138330
0	0.188085526037088	0.793885866871671	1.72599188801504	2.61834580188669	3.51132609192791	4.14744882306360	4.89477597354316	5.68166446907505	6.51085327408157	7.47007093249122	8.35163979317404	9.22986908775663	9.98883055254171	10.6751893505907	11.2584650997927	12.0643484944876
0	0.190191724502510	0.802818315629044	1.74559075392472	2.64756492363299	3.55106027927322	4.19267558478704	4.94897082794591	5.74664880128641	6.58851170788936	7.56431361468131	8.46158189913859	9.35634148370959	10.1299874916618	10.8302625160098	11.4259824274680	12.2503571201257
0	0.191957011479506	0.810970937217113	1.76423318995187	2.67581659036266	3.58982701160190	4.23693489149385	5.00219822733202	5.81066567848116	6.66520268668053	7.65758884185478	8.57055655008651	9.48184642464593	10.2701769757652	10.9843682264124	11.5925323001267	12.4353982907471
0	0.193381386968073	0.818343731635877	1.78191919609648	2.70310080207570	3.62762628891395	4.28022674318404	5.05445817170151	5.87371510065927	6.74092621045506	7.74989661401161	8.67856374601780	9.60638391056565	10.4093990048520	11.1375064817983	11.7581147177688	12.6194720063519
0	0.194464850968212	0.824936698885337	1.79864877235855	2.72941755877211	3.66445811120938	4.32255113985759	5.10575066105437	5.93579706782075	6.81568227921297	7.84123693115182	8.78560348693246	9.72995394146873	10.5476535789222	11.2896772821676	11.9227296803942	12.8025782669400
0	0.195207403479924	0.830749838965493	1.81442191873810	2.75476686045190	3.70032247848818	4.36390808151452	5.15607569539061	5.99691157996561	6.88947089295426	7.93160979327540	8.89167577283050	9.85255651735519	10.6849406979758	11.4408806275203	12.0863771880030	12.9847170725115
0	0.195609044503208	0.835783151876344	1.82923863523511	2.77914870711505	3.73521939075035	4.40429756815483	5.20543327471022	6.05705863709385	6.96229205167891	8.02101520038235	8.99678060371191	9.97419163822502	10.8212603620127	11.5911165178563	12.2490572405951	13.1658884230664
0	0.195669774038064	0.840036637617891	1.84309892184958	2.80256309876158	3.76914884799589	4.44371959977850	5.25382339901319	6.11623823920545	7.03414575538694	8.10945315247268	9.10091797957669	10.0948593040782	10.9566125710330	11.7403849531757	12.4107698381707	13.3460923186047
0	0.195390822634357	0.843511307304908	1.85600294285889	2.82501003539149	3.80211085022481	4.48217417638555	5.30124606829955	6.17445038630043	7.10503200407834	8.19692364954638	9.20408790042485	10.2145595149148	11.0909973250367	11.8886859334785	12.5715149807296	13.5253287591263
0	0.194795912863394	0.846226653233494	1.86795386520631	2.84648951700476	3.83410539743710	4.51966129797597	5.34770128256927	6.23169507837877	7.17495079775312	8.28342669160345	9.30629036625637	10.3332922707347	11.2244146240238	12.0360194587647	12.7312926682719	13.7035977446313
0	0.193938681506664	0.848226747524379	1.87895884935693	2.86700154360141	3.86513248963276	4.55618096454977	5.39318904182237	6.28797231544050	7.24390213641126	8.36896227864389	9.40752537707127	10.4510575715381	11.3568644679942	12.1823855290342	12.8901029007975	13.8808992751197
0	0.192874568504668	0.849557143912948	1.88902529649608	2.88654611518143	3.89519212681179	4.59173317610693	5.43770934605884	6.34328209748559	7.31188602005278	8.45353041066771	9.50779293286954	10.5678554173248	11.4883468569480	12.3277841442871	13.0479456783066	14.0572333505915
0	0.191611268967478	0.850224165295742	1.89815423391445	2.90512323174483	3.92428430897420	4.62631793264747	5.48126219527868	6.39762442451406	7.37890244867767	8.53713108767490	9.60709303365119	10.6836858080948	11.6188617908852	12.4722153045234	13.2048210007990	14.2325999710466
0	0.190110262198607	0.850196160094516	1.90634051913155	2.92273289329159	3.95240903611998	4.65993523417138	5.52384758948189	6.45099929652590	7.44495142228594	8.61976430966546	9.70542567941620	10.7985487438483	11.7484092698057	12.6156790097431	13.3607288682747	14.4069991364851
0	0.188329387403933	0.849438485745772	1.91357852371691	2.93937509982173	3.97956630824913	4.69258508067867	5.56546552866848	6.50340671352111	7.51003294087757	8.70143007663939	9.80279087016459	10.9124442245851	11.8769892937096	12.7581752599461	13.5156692807339	14.5804308469070
0	0.186251815093938	0.847937313841592	1.91986600094786	2.95504985133524	4.00575612536166	4.72426747216932	5.60611601283844	6.55484667549969	7.57414700445258	8.78212838859670	9.89918860589635	11.0253722503053	12.0046018625969	12.8997040551325	13.6696422381764	14.7528951023122
0	0.183877069075654	0.845692253105069	1.92520288725306	2.96975714783213	4.03097848745755	4.75498240864335	5.64579904199177	6.60531918246165	7.63729361301096	8.86185924553738	9.99461888661149	11.1373328210088	12.1312469764676	13.0402653953023	13.8226477406023	14.9243919027008
0	0.181205149349079	0.842703303536201	1.92958918263249	2.98349698931238	4.05523339453682	4.78472989010076	5.68451461612848	6.65482423440698	7.69947276655272	8.94062264746143	10.0890817123100	11.2483259366957	12.2569246353216	13.1798592804554	13.9746857880116	15.0949212480728
0	0.178249487299341	0.838983140824504	1.93302739137740	2.99626937577601	4.07852084659947	4.81350991654153	5.72226273524855	6.70336183133568	7.76068446507784	9.01841859436886	10.1825770829919	11.3583515973660	12.3816348391590	13.3184857105919	14.1257563804042	15.2644831384282
0	0.175080957769400	0.834598652152149	1.93553072815231	3.00807430722301	4.10084084364548	4.84132248796568	5.75904339935200	6.75093197324775	7.82092870858634	9.09524708625965	10.2751049986571	11.4674098030197	12.5053775879798	13.4561446857118	14.2758595177802	15.4330775737669
0	0.171797512969548	0.829642278603448	1.93711745621603	3.01891178365339	4.12219338567487	4.86816760437320	5.79485660843883	6.79753466014320	7.88020549707822	9.17110812313382	10.3666654593058	11.5755005536568	12.6281528817839	13.5928362058151	14.4249952001396	15.6007045540890
0	0.168459681611941	0.824171143338434	1.93779886118968	3.02878180506713	4.14257847268763	4.89404526576409	5.82970236250902	6.84316989202202	7.93851483055346	9.24600170499136	10.4572584649377	11.6826238492772	12.7499607205715	13.7285602709017	14.5731634274824	15.7673640793945
0	0.165019599955477	0.818140075593589	1.93756601884493	3.03768437146425	4.16199610468376	4.91895547213835	5.86358066156259	6.88783766888421	7.99585670901208	9.31992783183227	10.5468840155531	11.7887796898810	12.8708011043424	13.8633168809717	14.7203641998085	15.9330561496834
0	0.161393081858228	0.811469625826932	1.93640323261615	3.04561948284474	4.18044628166326	4.94289822349599	5.89649150559953	6.93153799072978	8.05223113245407	9.39288650365656	10.6355421111519	11.8939680754681	12.9906740330966	13.9971060360251	14.8665975171180	16.0977807649556
0	0.157520203363575	0.804103293841636	1.93429935594436	3.05258713920861	4.19792900362614	4.96587351983700	5.92843489461984	6.97427085755871	8.10763810087943	9.46487772046422	10.7232327517340	11.9981890060387	13.1095795068343	14.1299277360618	15.0118633794109	16.2615379252112
0	0.153422038755866	0.796065192178141	1.93126044536474	3.05858734055585	4.21444427057239	4.98788136116138	5.95941082862352	7.01603626937102	8.16207761428816	9.53590148225526	10.8099559372995	12.1014424815926	13.2275175255553	14.2617819810819	15.1561617866871	16.4243276304502
0	0.149198269272984	0.787463351184393	1.92731211561930	3.06362008688645	4.22999208250201	5.00892174746913	5.98941930761058	7.05683422616671	8.21554967268027	9.60595778902966	10.8957116678483	12.2037285021299	13.3444880892597	14.3926687710854	15.2994927389467	16.5861498806725
0	0.144965063277426	0.778423669263011	1.92248421808929	3.06768537820044	4.24457243941501	5.02899467876026	6.01846033158101	7.09666472794576	8.26805427605575	9.67504664078744	10.9804999433806	12.3050470676505	13.4604911979474	14.5225881060723	15.4418562361897	16.7470046758782
0	0.140762677805485	0.768989775302744	1.91678709748571	3.07078321449779	4.25818534131138	5.04810015503476	6.04653390053482	7.13552777470819	8.31959142441460	9.74316803752858	11.0643207638962	12.4053981781545	13.5755268516186	14.6515399860425	15.5832522784161	16.9068920160673
0	0.136508913013166	0.759072584557691	1.91019963119973	3.07291359577852	4.27083078819112	5.06623817629263	6.07364001447199	7.17342336645399	8.37016111775683	9.81032197925311	11.1471741293951	12.5047818336419	13.6895950502731	14.7795244109962	15.7236808656258	17.0658119012398
0	0.132103028924182	0.748563411544409	1.90269621946380	3.07407652204262	4.28250878005423	5.08340874253388	6.09977867339254	7.21035150318316	8.41976335608242	9.87650846596100	11.2290600398775	12.6031980341127	13.8026957939110	14.9065413809331	15.8631419978189	17.2237643313956
0	0.127543581616137	0.737469745623930	1.89428177049635	3.07427199329009	4.29321931690072	5.09961185375850	6.12494987729646	7.24631218489571	8.46839813939139	9.94172749765227	11.3099784953432	12.7006467795669	13.9148290825322	15.0325908958535	16.0016356749954	17.3807493065348
0	0.122946913245063	0.725937135781466	1.88499752820740	3.07350000952093	4.30296239873057	5.11484750996649	6.14915362618375	7.28130541159162	8.51606546768374	10.0059790743269	11.3899294957923	12.7971280700044	14.0259949161368	15.1576729557572	16.1391618971553	17.5367668266574
0	0.118428824769093	0.714109737788237	1.87488412708149	3.07176057073515	4.31173802554380	5.12911571115785	6.17238992005442	7.31533118327092	8.56276534095945	10.0692631959849	11.4689130412248	12.8926419054253	14.1361932947248	15.2817875606443	16.2757206642985	17.6918168917634
0	0.113985269676015	0.701982514310375	1.86394014720001	3.06905367693274	4.31954619734041	5.14241645733259	6.19465875890846	7.34838949993358	8.60849775921854	10.1315798626263	11.5469291316406	12.9871882858295	14.2454242182962	15.4049347105148	16.4113119764251	17.8458995018527
0	0.109510059717194	0.689423591463841	1.85212853910531	3.06537933331888	4.32638691412038	5.15474974849069	6.21596014274587	7.38048036157961	8.65326272246100	10.1929290742511	11.6239777670398	13.0807672112172	14.3536876868509	15.5271144053687	16.5459358335351	17.9990146569254
0	0.104944611482784	0.676369127647024	1.83943485102496	3.06073768983802	4.33226017588373	5.16611558463217	6.23629407156665	7.41160376820902	8.69706023068683	10.2533108308592	11.7000589474224	13.1733786815882	14.4609837003890	15.6483266452059	16.6795922356284	18.1511623569815
0	0.100369106815613	0.662941440550054	1.82590233809478	3.05512911782936	4.33716598263045	5.17651396575702	6.25566054537081	7.44175971982180	8.73989028389604	10.3127251324507	11.7751726727884	13.2650226969426	14.5673122589105	15.7685714300265	16.8122811827051	18.3023426020209
0	0.0959062243529326	0.649316348215256	1.81158956925368	3.04855399849813	4.34110433436055	5.18594489186525	6.27405956415834	7.47094821641795	8.78175288208862	10.3711719790256	11.8493189431377	13.3556992572803	14.6726733624154	15.8878487598304	16.9440026747652	18.4525553920437
0	0.0915682101404782	0.635511382451211	1.79650237839673	3.04101236958804	4.34407523107401	5.19440836295685	6.29149112792923	7.49916925799748	8.82264802526457	10.4286513705838	11.9224977584704	13.4454083626014	14.7770670109036	16.0061586346178	17.0747567118087	18.6018007270499
0	0.0872542928981522	0.621383900535869	1.78059396929522	3.03250404036025	4.34607867277085	5.20190437903182	6.30795523668351	7.52642284456038	8.86257571342389	10.4851633071254	11.9947091187865	13.5341500129059	14.8804932043752	16.1235010543885	17.2045432938355	18.7500786070395
0	0.0829219573622842	0.606889995950380	1.76385672272425	3.02303013100894	4.34711465945106	5.20843294009016	6.32345189042115	7.55270897610665	8.90153594656659	10.5407077886504	12.0659530240859	13.6219242081938	14.9829519428302	16.2398760191426	17.3333624208457	18.8973890320124
0	0.0786467013118125	0.592167220747879	1.74634855761015	3.01259304822761	4.34718319111464	5.21399404613188	6.33798108914217	7.57802765263629	8.93952872469265	10.5952848151588	12.1362294743687	13.7087309484650	15.0844432262685	16.3552835288800	17.4612140928393	19.0437320019687
0	0.0745298017586801	0.577384764293269	1.72813574852315	3.00119488943158	4.34628426776160	5.21858769715697	6.35154283284656	7.60237887414931	8.97655404780209	10.6488943866505	12.2055384696349	13.7945702337197	15.1849670546903	16.4697235836008	17.5880983098162	19.1891075169084
0	0.0705366533583872	0.562485147257468	1.70919591666605	2.98883496779299	4.34441788939193	5.22221389316543	6.36413712153433	7.62576264064570	9.01261191589491	10.7015365031256	12.2738800098845	13.8794420639576	15.2845234280954	16.5831961833050	17.7140150717766	19.3335155768314
0	0.0665869691793340	0.547344439335538	1.68948523975617	2.97551267703536	4.34158405600563	5.22487263415726	6.37576395520546	7.64817895212546	9.04770232897109	10.7532111645841	12.3412540951174	13.9633464391790	15.3831123464838	16.6957013279926	17.8389643787203	19.4769561817379
0	0.0626861027528709	0.532000767981183	1.66903229690094	2.96123118533103	4.33778276760270	5.22656392013247	6.38642333385997	7.66962780858859	9.08182528703065	10.8039183710260	12.4076607253338	14.0462833593837	15.4807338098557	16.8072390176636	17.9629462306473	19.6194293316276
0	0.0589240916851318	0.516636457176475	1.64792346968211	2.94599571202122	4.33301402418315	5.22728775109105	6.39611525749786	7.69010921003510	9.11498079007358	10.8536581224512	12.4730999005334	14.1282528245718	15.5773878182109	16.9178092523179	18.0859606275578	19.7609350265008
0	0.0553295285249938	0.501307060239076	1.62618417610380	2.92980766948613	4.32727782574697	5.22704412703300	6.40483972611911	7.70962315646498	9.14716883809989	10.9024304188598	12.5375716207165	14.2092548347433	15.6730743715495	17.0274120319556	18.2080075694516	19.9014732663574
0	0.0518290842036637	0.485877091052762	1.60375611720555	2.91266444838311	4.32057417229416	5.22583304795832	6.41259673972374	7.72816964787823	9.17838943110956	10.9502352602518	12.6010758858829	14.2892893898982	15.7677934698714	17.1360473565766	18.3290870563288	20.0410440511973
0	0.0484012075887994	0.470333500369131	1.58064860678810	2.89456918006618	4.31290306382472	5.22365451386702	6.41938629831173	7.74574868427485	9.20864256910261	10.9970726466271	12.6636126960327	14.3683564900364	15.8615451131767	17.2437152261811	18.4491990881893	20.1796473810206
0	0.0451005850768021	0.454818475988335	1.55694577414638	2.87552980234606	4.30426450033866	5.22050852475908	6.42520840188311	7.76236026565485	9.23792825207903	11.0429425779859	12.7251820511659	14.4464561351580	15.9543293014654	17.3504156407689	18.5683436650333	20.3172832558272
0	0.0419753883975293	0.439442317852580	1.53270695821305	2.85555113095787	4.29465848183597	5.21639508063453	6.43006305043785	7.77800439201822	9.26624648003882	11.0878450543279	12.7857839512824	14.5235883252630	16.0461460347375	17.4561486003401	18.6865207868606	20.4539516756172
0	0.0389695496713765	0.424084988599701	1.50787235672708	2.83462915017911	4.28408500831665	5.21131418149334	6.43395024397597	7.79268106336496	9.29359725298199	11.1317800756534	12.8454183963824	14.5997530603513	16.1369953129930	17.5609141048946	18.8037304536712	20.5896526403906
0	0.0360576448199845	0.408719360084049	1.48244580932111	2.81276747575610	4.27254407978071	5.20526582733553	6.43686998249746	7.80639027969507	9.31998057090853	11.1747476419622	12.9040853864657	14.6749503404230	16.2268771362318	17.6647121544325	18.9199726654653	20.7243861501474
0	0.0332734516502725	0.393460527488061	1.45651184816547	2.78997704532144	4.26003569622813	5.19825001816108	6.43882226600232	7.81913204100856	9.34539643381844	11.2167477532545	12.9617849215323	14.7491801654781	16.3157915044540	17.7675427489538	19.0352474222427	20.8581522048876
0	0.0306944581476403	0.378643399586227	1.43054840313711	2.76661670075577	4.24674727869306	5.19028565164107	6.43965733727101	7.83058786626677	9.36935756553227	11.2571241902342	13.0176918726554	14.8214484655152	16.4025754764342	17.8680741050854	19.1480541541914	20.9892812595677
0	0.0285289749824275	0.365762612765413	1.40748912689821	2.74543298878896	4.23429705641139	5.18214889338975	6.43907801425292	7.83926601870522	9.38905225920280	11.2914850688656	13.0658930607096	14.8842654749699	16.4782855284066	17.9559600697611	19.2467420398516	21.1044155212184
0	0.0271669541504858	0.357517751503566	1.39257481612829	2.73172078436176	4.22622772950414	5.17714724014734	6.43905093609694	7.84521284914262	9.40200702869140	11.3135931450365	13.0966689696978	14.9241650854624	16.5262961404455	18.0116601334072	19.3093238824724	21.1771969923967