0
3
21
6
4
0.000000
0.250000
0.000236
-1.388496
0.286860
-0.518005
0.463612
1.118288
-0.158194
-0.248916
0.521479
0.766524
0.585142
-0.711396
1.744025
0.330547
-0.093234
-0.512004
-0.886354
-0.727556
-0.262988
0.377853
-0.727766
0.704261
0.178035
-0.699545
-0.670440
-0.521532
-0.363876
0.367973
-0.328611
0.451815
0.306138
-0.353645
0.703794
-0.237662
-0.017582
-1.409264
0.417226
0.688606
0.915093
0.314576
-0.550459
0.995806
-0.107821
0.996281
0.702167
-0.228022
-0.975506
-0.708755
-0.705211
1.197585
-0.558965
0.411139
0.384910
0.722942
0.319485
0.061796
0.474772
-0.525825
-0.554776
0.380585
-1.186706
-0.962765
-0.953229
1.231769
-0.605888
-0.603685
1.342800
-0.089932
-0.244760
0.225541
0.424807
0.949053
0.793137
0.478367
-0.258025
0.693338
-0.018271
-0.063697
1.163313
0.787692
-0.272840
0.495028
-0.026658
0.512409
0.223187
-0.138549
-0.810851
-0.819242
-0.754388
0.132024
1.296228
0.560572
0.752719
0.108457
-0.458520
-0.872855
0.639443
0.653996
-0.155751
0.239174
-0.231693
-0.872711
0.725680
-0.351047
1.440353
1.234117
-0.351338
-0.411688
-1.068509
0.843081
-0.009732
-0.537117
0.695591
0.640471
-0.051105
-0.829306
-0.747497
0.246312
0.107424
-0.709401
-0.045688
0.301665
-0.402623
-0.550232
-0.258132
0.517341
0.521788
2.162202
-0.862957
-0.910011
-0.301047
0.345038
-0.743444
-0.254720
0.658871
-1.064557
-0.884633
2.165108
0.756084
1.319888
0.394174
2.209317
1.978123
2.324785
0.095649
0.095120
-1.274255
1.625069
-1.006295
1.436871
0.127314
